4 0.525 0.5484375 0.1390625 0.078125
4 0.27578125 0.57109375 0.13828125 0.07578125
4 0.36015625 0.640625 0.11875 0.06484375
4 0.4578125 0.59453125 0.14453125 0.08125
1 0.5890625 0.3359375 0.13046875 0.084375
1 0.46015625 0.36796875 0.1359375 0.071875
4 0.5484375 0.63046875 0.1390625 0.084375
4 0.671875 0.57578125 0.15234375 0.084375
3 0.80546875 0.5265625 0.134375 0.0625
3 0.7265625 0.6359375 0.12109375 0.06796875
3 0.2515625 0.6375 0.11796875 0.0640625
3 0.54375 0.4125 0.128125 0.07109375
1 0.15703125 0.32265625 0.15078125 0.08359375
4 0.3546875 0.4734375 0.14921875 0.084375
4 0.6578125 0.459375 0.13125 0.071875
1 0.37734375 0.5484375 0.13671875 0.08125
1 0.53984375 0.47421875 0.11171875 0.0640625
4 0.30390625 0.37578125 0.12109375 0.065625
1 0.38046875 0.3171875 0.14375 0.08515625