4 0.5984375 0.41484375 0.134375 0.1109375
3 0.33515625 0.16328125 0.1890625 0.1734375
1 0.15859375 0.6796875 0.1890625 0.15625
4 0.6125 0.24453125 0.19375 0.1640625
4 0.5234375 0.246875 0.1921875 0.1703125
4 0.56328125 0.1515625 0.1828125 0.1578125
4 0.33359375 0.43125 0.1390625 0.11875
4 0.5734375 0.353125 0.134375 0.1125
4 0.41953125 0.5640625 0.1625 0.140625
4 0.46875 0.446875 0.1734375 0.15
3 0.51484375 0.54765625 0.1609375 0.1375
4 0.665625 0.4484375 0.14375 0.1203125
1 0.62578125 0.54453125 0.1609375 0.1390625
3 0.72109375 0.484375 0.15 0.1265625
3 0.27265625 0.3703125 0.1859375 0.1609375
3 0.7953125 0.3015625 0.1609375 0.128125