4 0.41015625 0.34140625 0.11875 0.0703125
4 0.8796875 0.4671875 0.1328125 0.0578125
4 0.61484375 0.38671875 0.12421875 0.07265625
4 0.36640625 0.4078125 0.140625 0.08125
4 0.55625 0.5328125 0.13125 0.0796875
4 0.2453125 0.375 0.14296875 0.08125
3 0.65703125 0.18046875 0.15390625 0.10078125
4 0.8171875 0.28359375 0.153125 0.0828125
4 0.4109375 0.50078125 0.1375 0.078125
1 0.59453125 0.6078125 0.14140625 0.08125
4 0.67109375 0.56171875 0.13203125 0.0734375
3 0.45546875 0.559375 0.128125 0.071875
1 0.30703125 0.46875 0.1390625 0.078125
3 0.72734375 0.61875 0.13984375 0.0765625
3 0.49765625 0.378125 0.125 0.0734375
3 0.815625 0.521875 0.14140625 0.06796875