4 0.4984375 0.68828125 0.165625 0.2421875
3 0.603125 0.659375 0.1625 0.2296875
3 0.3078125 0.5515625 0.146875 0.1984375
1 0.43671875 0.43125 0.1515625 0.2265625
3 0.36484375 0.3578125 0.1578125 0.2296875
3 0.2328125 0.47265625 0.15 0.2
4 0.6953125 0.6046875 0.165625 0.225
1 0.52890625 0.83046875 0.1671875 0.2296875
4 0.5171875 0.49296875 0.14375 0.2109375
3 0.3890625 0.75625 0.1265625 0.19375
1 0.62421875 0.41015625 0.1640625 0.240625
1 0.28125 0.30546875 0.1515625 0.221875
1 0.39453125 0.61015625 0.128125 0.1875