1 0.29140625 0.44296875 0.1140625 0.0984375
4 0.53671875 0.33359375 0.1265625 0.1140625
4 0.471875 0.52109375 0.125 0.1078125
1 0.36171875 0.54609375 0.1109375 0.096875
4 0.678125 0.2734375 0.13125 0.115625
4 0.41953125 0.49921875 0.1203125 0.1046875
3 0.44765625 0.31484375 0.0984375 0.0890625
4 0.35 0.67578125 0.1359375 0.1171875
4 0.48515625 0.57578125 0.11875 0.1015625
3 0.5921875 0.5109375 0.1234375 0.109375
4 0.3546875 0.625 0.125 0.109375
1 0.26796875 0.621875 0.1234375 0.1046875
1 0.42421875 0.57578125 0.1140625 0.0984375
4 0.6296875 0.45390625 0.125 0.1078125
1 0.22734375 0.58828125 0.1125 0.0953125
3 0.2265625 0.58828125 0.1125 0.09375
1 0.28671875 0.6734375 0.1234375 0.1078125
3 0.31875 0.7421875 0.1171875 0.0984375
4 0.58125 0.565625 0.134375 0.115625
3 0.60703125 0.23203125 0.1328125 0.11875