1 0.9046875 0.25546875 0.1265625 0.08515625
0 0.45 0.2953125 0.184375 0.11171875
3 0.38671875 0.11796875 0.19609375 0.1375
0 0.3703125 0.64375 0.19609375 0.1140625
0 0.65625 0.6671875 0.18828125 0.0984375
1 0.65703125 0.19921875 0.17890625 0.1015625
0 0.44296875 0.40625 0.1890625 0.103125
1 0.83515625 0.38125 0.16171875 0.0921875
1 0.7859375 0.2453125 0.14453125 0.09375
3 0.671875 0.2734375 0.17265625 0.09609375
4 0.87265625 0.315625 0.1421875 0.08515625
1 0.73828125 0.32890625 0.1671875 0.08203125
4 0.60625 0.5640625 0.16171875 0.07890625
0 0.7203125 0.41328125 0.19375 0.0953125
0 0.90390625 0.49765625 0.17890625 0.0796875