0 0.5078125 0.69140625 0.146875 0.25
0 0.53203125 0.50078125 0.1546875 0.2234375
4 0.36640625 0.8046875 0.146875 0.25
0 0.58828125 0.1859375 0.1140625 0.196875
4 0.20546875 0.41796875 0.153125 0.2421875
0 0.4296875 0.2890625 0.11875 0.2140625
4 0.66015625 0.7359375 0.1859375 0.2765625
4 0.52421875 0.27734375 0.134375 0.228125
3 0.31015625 0.165625 0.134375 0.2203125
3 0.31171875 0.6328125 0.1359375 0.2484375
3 0.62734375 0.38046875 0.13125 0.2203125
3 0.425 0.12734375 0.10625 0.1984375
2 0.44765625 0.44765625 0.1421875 0.240625
2 0.34140625 0.4375 0.128125 0.2265625
3 0.190625 0.2671875 0.146875 0.2265625