4 0.628125 0.478125 0.1390625 0.109375
4 0.60234375 0.61015625 0.1328125 0.10625
3 0.37734375 0.28125 0.1875 0.1484375
3 0.62734375 0.15703125 0.2 0.175
4 0.7828125 0.34140625 0.184375 0.1515625
4 0.59375 0.5375 0.1359375 0.1078125
3 0.609375 0.67890625 0.14375 0.1109375
4 0.68515625 0.3671875 0.1953125 0.1609375
1 0.48828125 0.58828125 0.1515625 0.125
3 0.81171875 0.6234375 0.165625 0.121875
4 0.7375 0.43984375 0.19375 0.1546875
4 0.48203125 0.453125 0.171875 0.140625
3 0.39296875 0.5078125 0.1765625 0.1421875
1 0.08046875 0.29921875 0.0984375 0.109375
4 0.16640625 0.35 0.1859375 0.1375
4 0.253125 0.30703125 0.1875 0.1421875