4 0.50078125 0.3875 0.1796875 0.1671875
4 0.31328125 0.46015625 0.15 0.1359375
4 0.1625 0.375 0.175 0.1609375
3 0.6984375 0.19375 0.1859375 0.1734375
3 0.76796875 0.496875 0.1828125 0.1734375
1 0.6390625 0.621875 0.171875 0.1609375
4 0.4375 0.21015625 0.140625 0.1328125
4 0.60625 0.30234375 0.171875 0.1625
3 0.2140625 0.503125 0.1546875 0.1421875
1 0.57421875 0.38671875 0.1828125 0.1703125
4 0.44375 0.29921875 0.165625 0.1546875
3 0.40546875 0.590625 0.1703125 0.1578125
4 0.2671875 0.221875 0.1515625 0.1390625
4 0.3453125 0.1421875 0.1515625 0.1375
1 0.72265625 0.40234375 0.1609375 0.153125
3 0.32109375 0.19609375 0.1578125 0.14375
1 0.70625 0.31484375 0.1640625 0.1546875
1 0.51328125 0.2890625 0.178125 0.165625
1 0.63203125 0.23828125 0.146875 0.1375