3 0.14765625 0.28515625 0.1546875 0.1609375
3 0.2015625 0.3671875 0.14375 0.1484375
1 0.3234375 0.51796875 0.159375 0.1625
1 0.36875 0.83359375 0.146875 0.15
4 0.41640625 0.48203125 0.125 0.1296875
1 0.45078125 0.58125 0.14375 0.146875
4 0.54296875 0.58515625 0.1609375 0.165625
3 0.615625 0.7015625 0.1453125 0.15
3 0.66171875 0.63828125 0.1578125 0.1625
1 0.628125 0.5515625 0.1546875 0.159375
4 0.63671875 0.47578125 0.159375 0.1640625
1 0.5359375 0.42890625 0.14375 0.1484375
3 0.51484375 0.490625 0.1453125 0.15