4 0.4875 0.49140625 0.1234375 0.0734375
4 0.43125 0.55625 0.140625 0.0796875
3 0.24296875 0.3421875 0.128125 0.071875
1 0.6046875 0.4640625 0.121875 0.065625
4 0.7421875 0.3625 0.1578125 0.0875
4 0.63125 0.56953125 0.15 0.0953125
3 0.225 0.61875 0.146875 0.0828125
3 0.38828125 0.45859375 0.1390625 0.0828125
4 0.23203125 0.5484375 0.1484375 0.0828125
1 0.3453125 0.37421875 0.1484375 0.075
4 0.44453125 0.40546875 0.1453125 0.0875
1 0.31171875 0.50546875 0.146875 0.0796875
4 0.29609375 0.434375 0.140625 0.08125
1 0.50546875 0.340625 0.121875 0.075
4 0.34609375 0.59140625 0.1453125 0.08125
3 0.74296875 0.4921875 0.14375 0.075