1 0.4359375 0.2859375 0.1078125 0.1765625
1 0.46328125 0.40546875 0.1015625 0.1703125
3 0.28671875 0.4921875 0.096875 0.1671875
4 0.559375 0.425 0.1078125 0.1796875
4 0.6453125 0.4125 0.1046875 0.1703125
4 0.42734375 0.5359375 0.0984375 0.165625
1 0.559375 0.66171875 0.0953125 0.175
3 0.325 0.7359375 0.1015625 0.178125
3 0.403125 0.65859375 0.0984375 0.1625
3 0.35703125 0.51875 0.0953125 0.1671875
3 0.4921875 0.5875 0.096875 0.1671875
1 0.29453125 0.3421875 0.1078125 0.178125
1 0.378125 0.375 0.1078125 0.1828125