1 0.4703125 0.48515625 0.1375 0.1515625
1 0.45625 0.36640625 0.1265625 0.1390625
1 0.3703125 0.69921875 0.128125 0.1359375
3 0.2984375 0.29921875 0.1328125 0.146875
3 0.671875 0.634375 0.1484375 0.165625
3 0.31953125 0.221875 0.1546875 0.175
3 0.2140625 0.18984375 0.13125 0.1484375
4 0.6140625 0.83828125 0.14375 0.1609375
1 0.55546875 0.6578125 0.1390625 0.15625
4 0.54609375 0.415625 0.1421875 0.1546875
3 0.5796875 0.5828125 0.140625 0.15625
4 0.378125 0.359375 0.1421875 0.1578125
1 0.365625 0.43046875 0.146875 0.1625