4 0.6234375 0.540625 0.134375 0.1125
3 0.703125 0.18515625 0.190625 0.175
1 0.1703125 0.29921875 0.1890625 0.1578125
4 0.7765625 0.46484375 0.19375 0.165625
4 0.72890625 0.38984375 0.1921875 0.171875
4 0.83125 0.375 0.1828125 0.159375
4 0.47265625 0.321875 0.1390625 0.1203125
4 0.6640625 0.4875 0.134375 0.1125
4 0.403125 0.4640625 0.1625 0.140625
4 0.5296875 0.44609375 0.1734375 0.1515625
3 0.4671875 0.53671875 0.1609375 0.1390625
4 0.6296875 0.615625 0.14375 0.121875
1 0.5265625 0.63046875 0.1609375 0.140625
3 0.62734375 0.68125 0.15 0.128125
3 0.49375 0.23828125 0.1859375 0.1625
3 0.82265625 0.65078125 0.1609375 0.1296875