4 0.4875 0.49140625 0.12265625 0.07109375
4 0.43046875 0.5546875 0.1390625 0.0765625
3 0.24609375 0.3375 0.12734375 0.0703125
1 0.60546875 0.465625 0.1203125 0.0640625
4 0.74453125 0.36640625 0.15625 0.08515625
4 0.6296875 0.571875 0.14765625 0.0921875
3 0.22265625 0.6140625 0.1453125 0.0796875
3 0.3890625 0.45703125 0.1375 0.0796875
4 0.23125 0.54375 0.14765625 0.08046875
1 0.34765625 0.371875 0.146875 0.07265625
4 0.44609375 0.4046875 0.14453125 0.084375
1 0.31171875 0.50234375 0.1453125 0.0765625
4 0.29765625 0.43046875 0.1390625 0.07890625
1 0.50859375 0.340625 0.12109375 0.07265625
4 0.34453125 0.5890625 0.14453125 0.07890625
3 0.74296875 0.49609375 0.14296875 0.071875