4 0.315625 0.32421875 0.1703125 0.1171875
4 0.80546875 0.27421875 0.171875 0.125
4 0.48984375 0.48671875 0.1515625 0.10625
4 0.6125 0.540625 0.1484375 0.1015625
4 0.1984375 0.2703125 0.175 0.11875
4 0.853125 0.47890625 0.1453125 0.0890625
4 0.571875 0.3453125 0.1453125 0.1078125
3 0.3828125 0.49609375 0.146875 0.1015625
4 0.346875 0.425 0.1578125 0.109375
1 0.246875 0.37578125 0.171875 0.1125
3 0.64765625 0.13828125 0.16875 0.1390625
4 0.365625 0.2625 0.1375 0.096875
1 0.52578125 0.5765625 0.1546875 0.109375
3 0.77578125 0.525 0.15625 0.0984375
3 0.66328125 0.609375 0.1609375 0.1109375
3 0.4515625 0.31640625 0.14375 0.1046875