3 0.25234375 0.2015625 0.1734375 0.11328125
1 0.8015625 0.27734375 0.14453125 0.084375
0 0.62890625 0.4515625 0.16640625 0.08984375
1 0.5375 0.24296875 0.153125 0.0953125
4 0.52578125 0.6015625 0.12890625 0.07734375
0 0.33828125 0.4609375 0.16796875 0.09453125
0 0.590625 0.69765625 0.16015625 0.09921875
0 0.84765625 0.525 0.1671875 0.08359375
3 0.5578125 0.31640625 0.14765625 0.09453125
1 0.675 0.28046875 0.13671875 0.08671875
4 0.7734375 0.34453125 0.15546875 0.0859375
1 0.6390625 0.3640625 0.1453125 0.08515625
0 0.29921875 0.68203125 0.16796875 0.10390625
1 0.74453125 0.409375 0.16328125 0.08828125
0 0.33203125 0.36171875 0.1640625 0.10078125