1 0.31640625 0.73359375 0.121875 0.165625
4 0.23984375 0.58359375 0.140625 0.178125
3 0.7109375 0.153125 0.1109375 0.159375
1 0.40546875 0.70390625 0.1265625 0.1765625
4 0.25546875 0.6734375 0.140625 0.1859375
1 0.35390625 0.60625 0.103125 0.13125
3 0.4234375 0.50234375 0.1109375 0.1484375
3 0.47265625 0.70859375 0.1234375 0.171875
4 0.29453125 0.46875 0.1125 0.15
3 0.4078125 0.875 0.134375 0.1984375
3 0.58671875 0.71328125 0.1265625 0.175
1 0.528125 0.45 0.128125 0.175
1 0.365625 0.47421875 0.1046875 0.128125