4 0.45234375 0.5171875 0.121875 0.0671875
4 0.45859375 0.3890625 0.11171875 0.0609375
4 0.48515625 0.3171875 0.15078125 0.08828125
4 0.346875 0.4703125 0.146875 0.08359375
4 0.1046875 0.584375 0.18046875 0.0921875
4 0.33359375 0.4 0.14375 0.0875
4 0.240625 0.43125 0.14765625 0.0859375
3 0.47578125 0.45234375 0.11796875 0.065625
3 0.5765625 0.26953125 0.13828125 0.09453125
4 0.25390625 0.51015625 0.14609375 0.0796875
1 0.334375 0.565625 0.13359375 0.07109375
4 0.459375 0.58203125 0.1296875 0.07265625
3 0.87890625 0.41953125 0.1609375 0.08046875
1 0.59296875 0.4 0.128125 0.075
3 0.09921875 0.4484375 0.1484375 0.06953125
3 0.63125 0.3421875 0.12578125 0.08125