1 0.334375 0.72109375 0.2078125 0.1578125
4 0.415625 0.6359375 0.1828125 0.1390625
4 0.21875 0.66015625 0.1875 0.13125
4 0.30625 0.590625 0.18125 0.1265625
4 0.22890625 0.78828125 0.2015625 0.159375
4 0.425 0.36328125 0.171875 0.128125
4 0.24609375 0.50546875 0.175 0.128125
3 0.57734375 0.33515625 0.1875 0.1453125
4 0.325 0.42421875 0.178125 0.13125
3 0.128125 0.54921875 0.1796875 0.13125
1 0.64140625 0.4109375 0.1765625 0.125
4 0.48828125 0.41953125 0.1484375 0.10625
4 0.18203125 0.44609375 0.1953125 0.140625
3 0.5984375 0.49921875 0.15625 0.1109375
3 0.6234375 0.15 0.20625 0.1625
3 0.384375 0.48359375 0.1640625 0.1171875