4 0.3625 0.54609375 0.109375 0.059375
1 0.64296875 0.54921875 0.12734375 0.065625
4 0.51171875 0.5109375 0.11640625 0.0609375
4 0.67421875 0.31875 0.14921875 0.08671875
4 0.37890625 0.21484375 0.134375 0.0890625
4 0.63984375 0.48203125 0.134375 0.07265625
1 0.25703125 0.565625 0.13046875 0.06484375
4 0.36328125 0.3796875 0.1375 0.0796875
4 0.15546875 0.4328125 0.14140625 0.0796875
3 0.12734375 0.21171875 0.13984375 0.0796875
3 0.2734375 0.42265625 0.14453125 0.0796875
4 0.22265625 0.4984375 0.13203125 0.0609375
4 0.096875 0.52265625 0.1453125 0.06796875
3 0.4734375 0.57109375 0.11953125 0.065625
3 0.74609375 0.4984375 0.13203125 0.059375
3 0.7 0.38828125 0.1421875 0.07890625