1 0.1546875 0.24140625 0.1796875 0.18125
4 0.26328125 0.30859375 0.1796875 0.18125
1 0.1234375 0.4421875 0.1890625 0.190625
3 0.36875 0.23359375 0.2015625 0.203125
3 0.3375 0.56640625 0.221875 0.2234375
4 0.44453125 0.70859375 0.2078125 0.209375
3 0.59921875 0.87890625 0.215625 0.21875
3 0.63203125 0.65703125 0.1765625 0.1796875
1 0.58125 0.525 0.2015625 0.203125
1 0.75703125 0.69921875 0.2109375 0.2140625
4 0.90078125 0.675 0.1984375 0.2125
1 0.94921875 0.596875 0.1015625 0.19375
3 0.725 0.92109375 0.1140625 0.1140625