1 0.17890625 0.4375 0.196875 0.240625
1 0.7234375 0.73828125 0.1796875 0.2265625
1 0.33515625 0.2859375 0.1859375 0.2359375
1 0.51328125 0.41328125 0.1484375 0.1890625
4 0.446875 0.25390625 0.1625 0.2078125
4 0.40625 0.43203125 0.1734375 0.2109375
3 0.28359375 0.42421875 0.203125 0.2546875
1 0.32734375 0.57734375 0.1796875 0.2125
3 0.3359375 0.70390625 0.1578125 0.1953125
3 0.41953125 0.640625 0.1765625 0.2296875
3 0.23828125 0.58671875 0.1875 0.2203125
4 0.578125 0.63359375 0.1515625 0.2015625
3 0.475 0.546875 0.1609375 0.1953125