4 0.253125 0.47265625 0.159375 0.134375
4 0.2453125 0.32890625 0.171875 0.1484375
1 0.4453125 0.353125 0.1671875 0.146875
3 0.44140625 0.2484375 0.18125 0.1609375
4 0.3453125 0.38515625 0.165625 0.1421875
1 0.54921875 0.3625 0.1421875 0.121875
4 0.2515625 0.403125 0.1671875 0.14375
4 0.353125 0.528125 0.1484375 0.1234375
4 0.63515625 0.4578125 0.18125 0.1484375
1 0.92890625 0.4890625 0.1421875 0.128125
4 0.15 0.63125 0.153125 0.125
3 0.7515625 0.2796875 0.15625 0.128125
4 0.24296875 0.55078125 0.1375 0.1125
3 0.63515625 0.30234375 0.1390625 0.1171875
3 0.34609375 0.45859375 0.1578125 0.1328125
3 0.140625 0.55546875 0.171875 0.1453125
4 0.1765625 0.69296875 0.1765625 0.14375
1 0.2796875 0.6125 0.1578125 0.128125
1 0.446875 0.43359375 0.1609375 0.1359375