4 0.40078125 0.59921875 0.115625 0.06171875
4 0.703125 0.503125 0.12265625 0.0609375
1 0.6265625 0.31015625 0.12578125 0.078125
4 0.21171875 0.503125 0.1515625 0.0796875
4 0.434375 0.425 0.13203125 0.08046875
4 0.35703125 0.475 0.1390625 0.0765625
4 0.73671875 0.6125 0.146875 0.08046875
4 0.21796875 0.39140625 0.146875 0.071875
1 0.27109375 0.44609375 0.13671875 0.07734375
3 0.35703125 0.2765625 0.13046875 0.0859375
3 0.8640625 0.546875 0.12890625 0.05859375
1 0.3640625 0.3859375 0.1359375 0.07578125
3 0.79765625 0.42421875 0.1390625 0.0703125
3 0.30703125 0.575 0.1296875 0.0671875
4 0.10625 0.3921875 0.12578125 0.07265625
1 0.1546875 0.33984375 0.14140625 0.06640625
1 0.26796875 0.315625 0.1234375 0.0703125
3 0.03125 0.378125 0.059375 0.08125