4 0.45 0.49296875 0.1390625 0.1171875
4 0.515625 0.3828125 0.1265625 0.10625
4 0.57265625 0.33125 0.175 0.1484375
4 0.37890625 0.4015625 0.16875 0.1421875
4 0.11171875 0.3890625 0.203125 0.165625
4 0.4 0.33359375 0.16875 0.1453125
4 0.303125 0.3171875 0.1703125 0.1453125
3 0.50078125 0.446875 0.134375 0.1140625
3 0.67578125 0.3328125 0.1671875 0.1484375
4 0.278125 0.39375 0.165625 0.1390625
1 0.32265625 0.48046875 0.1515625 0.125
4 0.42578125 0.553125 0.1484375 0.125
3 0.87265625 0.60703125 0.1796875 0.146875
1 0.62890625 0.45546875 0.1484375 0.1265625
3 0.1703125 0.26640625 0.1640625 0.13125
3 0.68984375 0.42265625 0.1484375 0.13125