0 0.54140625 0.4578125 0.1953125 0.1484375
0 0.74140625 0.4390625 0.196875 0.1515625
0 0.534375 0.73828125 0.1734375 0.134375
0 0.49921875 0.628125 0.1890625 0.140625
3 0.46484375 0.4046875 0.1984375 0.15
2 0.66640625 0.53515625 0.1765625 0.134375
2 0.44375 0.51875 0.1890625 0.1453125
0 0.30625 0.60703125 0.1921875 0.1359375
0 0.4109375 0.715625 0.1734375 0.128125
2 0.20703125 0.5515625 0.19375 0.1421875
0 0.5390625 0.5453125 0.175 0.13125
2 0.21875 0.6890625 0.1953125 0.1421875
2 0.38984375 0.46796875 0.2 0.1484375
2 0.303125 0.69140625 0.1953125 0.1421875
2 0.39765625 0.6125 0.1890625 0.1375
0 0.40546875 0.6640625 0.096875 0.0671875