4 0.5 0.575 0.13125 0.10625
4 0.53828125 0.525 0.14375 0.1171875
4 0.371875 0.52578125 0.14375 0.115625
1 0.4203125 0.490625 0.14375 0.1171875
4 0.5328125 0.35390625 0.1609375 0.1375
4 0.2546875 0.4390625 0.1625 0.1296875
4 0.703125 0.70546875 0.178125 0.140625
1 0.234375 0.1625 0.1484375 0.11875
3 0.503125 0.45625 0.1515625 0.1234375
4 0.840625 0.4796875 0.1578125 0.1328125
3 0.596875 0.43671875 0.140625 0.1171875
3 0.31640625 0.41328125 0.159375 0.128125
4 0.66171875 0.62109375 0.1640625 0.13125
3 0.81796875 0.69609375 0.14375 0.109375
3 0.30703125 0.55546875 0.153125 0.128125
1 0.74921875 0.484375 0.165625 0.134375