4 0.45 0.68125 0.209375 0.2546875
3 0.5578125 0.68046875 0.2046875 0.24375
3 0.30078125 0.5 0.1828125 0.2125
1 0.45703125 0.4171875 0.19375 0.2375
3 0.40625 0.32734375 0.2 0.2421875
3 0.24921875 0.4046875 0.184375 0.2140625
4 0.66171875 0.6515625 0.20625 0.240625
1 0.4421875 0.8265625 0.2078125 0.2453125
4 0.51875 0.49765625 0.1828125 0.221875
3 0.3265625 0.71875 0.1625 0.2015625
1 0.64296875 0.4453125 0.2078125 0.253125
1 0.3390625 0.25546875 0.1921875 0.2328125
1 0.36953125 0.57890625 0.1625 0.196875