4 0.53828125 0.65859375 0.1125 0.1109375
4 0.54296875 0.40078125 0.1171875 0.115625
4 0.46328125 0.33125 0.109375 0.1078125
1 0.5421875 0.3453125 0.11875 0.1171875
4 0.4640625 0.44921875 0.10625 0.10625
4 0.38828125 0.4546875 0.109375 0.109375
1 0.73828125 0.2890625 0.134375 0.1328125
4 0.6140625 0.528125 0.1046875 0.103125
1 0.47578125 0.26171875 0.10625 0.10625
4 0.38671875 0.59765625 0.1015625 0.1015625
4 0.41015625 0.315625 0.1015625 0.1
1 0.44921875 0.4015625 0.109375 0.1078125
4 0.30625 0.54609375 0.10625 0.1046875
3 0.65703125 0.59921875 0.121875 0.1203125
1 0.5546875 0.2453125 0.13125 0.1296875
3 0.359375 0.55703125 0.10625 0.1046875
3 0.63046875 0.2109375 0.1421875 0.140625
3 0.72578125 0.44921875 0.1296875 0.1296875
3 0.36171875 0.27578125 0.128125 0.1265625