4 0.62578125 0.4671875 0.1359375 0.1015625
4 0.61171875 0.6015625 0.13125 0.0984375
3 0.35859375 0.29296875 0.184375 0.1375
3 0.596875 0.146875 0.1953125 0.1640625
4 0.76796875 0.31796875 0.18125 0.140625
4 0.596875 0.52890625 0.134375 0.1
3 0.62421875 0.66875 0.1421875 0.103125
4 0.6734375 0.3515625 0.1921875 0.15
1 0.49609375 0.5890625 0.1484375 0.1171875
3 0.82109375 0.59609375 0.1640625 0.1125
4 0.73125 0.41953125 0.190625 0.14375
4 0.478125 0.45546875 0.16875 0.13125
3 0.39453125 0.5171875 0.1734375 0.1328125
1 0.0640625 0.3359375 0.09375 0.10625
4 0.1546875 0.3796875 0.184375 0.125
4 0.2375 0.3296875 0.1859375 0.1296875