3 0.36015625 0.090625 0.10625 0.1484375
3 0.33359375 0.165625 0.1078125 0.153125
4 0.33125 0.25390625 0.1109375 0.1546875
1 0.32109375 0.6109375 0.1140625 0.1453125
3 0.334375 0.353125 0.0890625 0.121875
1 0.2859375 0.67578125 0.0921875 0.1078125
1 0.40546875 0.5921875 0.1046875 0.1375
4 0.46953125 0.6125 0.1015625 0.1375
1 0.553125 0.6953125 0.10625 0.14375
3 0.4953125 0.72109375 0.10625 0.1421875
3 0.378125 0.68515625 0.115625 0.1484375
1 0.3953125 0.79296875 0.115625 0.1484375
4 0.49609375 0.8109375 0.109375 0.1453125