1 0.54765625 0.3640625 0.15625 0.1171875
4 0.4953125 0.465625 0.1390625 0.1
4 0.60078125 0.50078125 0.1359375 0.1015625
4 0.31484375 0.5984375 0.171875 0.134375
3 0.39296875 0.4265625 0.159375 0.11875
3 0.29453125 0.3734375 0.1828125 0.14375
4 0.534375 0.2875 0.1640625 0.121875
4 0.25 0.5265625 0.178125 0.1359375
4 0.25390625 0.44609375 0.1765625 0.1390625
3 0.20234375 0.596875 0.184375 0.1359375
4 0.37890625 0.5109375 0.1515625 0.1125
1 0.49140625 0.53203125 0.134375 0.1
3 0.6 0.415625 0.128125 0.096875
3 0.15 0.4421875 0.18125 0.1421875
4 0.14140625 0.5203125 0.178125 0.13125
4 0.428125 0.3171875 0.153125 0.1171875