1 0.47109375 0.484375 0.1359375 0.1515625
1 0.4609375 0.36484375 0.125 0.1390625
1 0.3640625 0.69453125 0.1265625 0.1359375
3 0.30546875 0.2921875 0.1296875 0.146875
3 0.6671875 0.63984375 0.146875 0.1671875
3 0.3296875 0.215625 0.1515625 0.1765625
3 0.225 0.18046875 0.128125 0.15
4 0.6015625 0.8421875 0.1421875 0.1625
1 0.55 0.659375 0.1359375 0.1578125
4 0.5484375 0.4171875 0.1390625 0.15625
3 0.5765625 0.58515625 0.1375 0.15625
4 0.3828125 0.35546875 0.140625 0.1578125
1 0.36796875 0.42578125 0.14375 0.1625