4 0.35 0.46875 0.1171875 0.06953125
4 0.6125 0.54296875 0.125 0.0703125
4 0.409375 0.42734375 0.12109375 0.065625
4 0.5828125 0.33671875 0.1 0.06015625
4 0.6734375 0.440625 0.12734375 0.06640625
4 0.38515625 0.31640625 0.0921875 0.05234375
4 0.371875 0.36953125 0.09453125 0.0546875
4 0.5203125 0.4 0.0953125 0.05
4 0.43203125 0.2625 0.10859375 0.0671875
3 0.52421875 0.515625 0.11640625 0.06640625
3 0.49921875 0.46171875 0.128125 0.06875
1 0.190625 0.471875 0.1375 0.0703125
1 0.26640625 0.36875 0.10625 0.0578125
3 0.425 0.49453125 0.11640625 0.06875
3 0.4734375 0.34375 0.10625 0.06171875
3 0.28359375 0.41953125 0.103125 0.05390625