2 0.22734375 0.53046875 0.2078125 0.13125
2 0.52265625 0.74453125 0.2140625 0.1453125
0 0.37109375 0.50625 0.184375 0.1265625
2 0.20703125 0.45390625 0.20625 0.1265625
0 0.3765625 0.66640625 0.196875 0.1359375
0 0.19296875 0.7421875 0.2375 0.1609375
2 0.37734375 0.578125 0.1984375 0.1328125
0 0.2046875 0.63125 0.23125 0.1546875
2 0.421875 0.4078125 0.190625 0.1203125
2 0.56484375 0.5234375 0.1703125 0.1
0 0.59765625 0.6265625 0.1734375 0.096875
2 0.51484375 0.57890625 0.16875 0.109375
0 0.64140625 0.7515625 0.1765625 0.10625
3 0.66953125 0.5578125 0.140625 0.0921875