3 0.61328125 0.23046875 0.15 0.1546875
3 0.62578125 0.33046875 0.13125 0.134375
3 0.81953125 0.4390625 0.1640625 0.16875
4 0.478125 0.59453125 0.1421875 0.146875
1 0.37421875 0.5421875 0.1484375 0.153125
4 0.5125 0.3671875 0.1328125 0.1359375
3 0.43125 0.37578125 0.1421875 0.146875
3 0.3640625 0.478125 0.1515625 0.15625
1 0.26875 0.4859375 0.11875 0.121875
1 0.340625 0.421875 0.13125 0.134375
1 0.45078125 0.4546875 0.1203125 0.1234375
1 0.5671875 0.41484375 0.1171875 0.1203125
4 0.49765625 0.484375 0.1203125 0.125