4 0.32578125 0.4453125 0.134375 0.1328125
4 0.75546875 0.2171875 0.1359375 0.1328125
4 0.50703125 0.3390625 0.140625 0.1375
4 0.3390625 0.5234375 0.1578125 0.1546875
4 0.56328125 0.4859375 0.15 0.1484375
4 0.228125 0.58203125 0.159375 0.15625
3 0.396875 0.159375 0.18125 0.178125
4 0.584375 0.12578125 0.16875 0.165625
4 0.43515625 0.5609375 0.153125 0.1515625
1 0.64296875 0.5140625 0.159375 0.15625
4 0.6671875 0.428125 0.146875 0.14375
3 0.5078125 0.5734375 0.1421875 0.140625
1 0.3375 0.60859375 0.1546875 0.1515625
3 0.746875 0.43203125 0.1546875 0.1515625
3 0.41484375 0.4125 0.1421875 0.1390625
3 0.74609375 0.30078125 0.15 0.146875