3 0.50625 0.66875 0.1875 0.2015625
3 0.5140625 0.56484375 0.140625 0.153125
3 0.234375 0.55625 0.1671875 0.178125
3 0.17265625 0.44453125 0.16875 0.1796875
1 0.35390625 0.7078125 0.1875 0.2
4 0.47578125 0.82109375 0.196875 0.2109375
1 0.51640625 0.4546875 0.1609375 0.1734375
1 0.421875 0.453125 0.134375 0.1453125
1 0.61484375 0.534375 0.1828125 0.196875
1 0.659375 0.6453125 0.1609375 0.175
4 0.728125 0.61953125 0.178125 0.1921875
4 0.59609375 0.6734375 0.1671875 0.1796875
3 0.778125 0.81875 0.15625 0.16875