4 0.284375 0.509375 0.153125 0.153125
4 0.6390625 0.44609375 0.15 0.15
4 0.77421875 0.45 0.1546875 0.1546875
4 0.4375 0.525 0.1109375 0.1109375
4 0.5234375 0.32734375 0.1359375 0.1359375
4 0.65546875 0.52578125 0.14375 0.14375
4 0.51015625 0.58671875 0.1125 0.1125
4 0.34609375 0.59921875 0.14375 0.14375
3 0.5578125 0.47734375 0.1328125 0.1328125
4 0.4359375 0.15 0.1328125 0.1328125
1 0.78203125 0.53046875 0.14375 0.14375
1 0.621875 0.59140625 0.1375 0.1375
3 0.3390625 0.471875 0.1453125 0.1453125
3 0.58359375 0.73125 0.128125 0.128125
3 0.684375 0.3984375 0.1453125 0.1453125
3 0.5234375 0.52734375 0.1171875 0.1171875