4 0.5078125 0.55390625 0.15625 0.11875
4 0.26484375 0.49453125 0.1546875 0.1171875
4 0.321875 0.5875 0.1328125 0.1
4 0.4296875 0.57578125 0.1625 0.1234375
1 0.6375 0.37421875 0.1515625 0.121875
1 0.50546875 0.3625 0.1515625 0.1125
4 0.503125 0.6390625 0.159375 0.125
4 0.6375 0.62734375 0.171875 0.1296875
3 0.78046875 0.62421875 0.146875 0.103125
3 0.6703125 0.70234375 0.1359375 0.103125
3 0.2203125 0.54921875 0.1328125 0.0984375
3 0.56953125 0.43125 0.14375 0.109375
1 0.23359375 0.2203125 0.1703125 0.128125
4 0.37109375 0.42734375 0.16875 0.128125
4 0.6625 0.51328125 0.146875 0.1109375
1 0.36796875 0.50625 0.15625 0.121875
1 0.54609375 0.48828125 0.1265625 0.096875
4 0.3546875 0.31875 0.1359375 0.1015625
1 0.446875 0.28828125 0.1640625 0.1265625