3 0.43828125 0.2140625 0.09375 0.1453125
3 0.50546875 0.2890625 0.0796875 0.1296875
3 0.72734375 0.26640625 0.10625 0.1546875
4 0.5359375 0.58984375 0.0875 0.1390625
1 0.421875 0.60703125 0.090625 0.1453125
4 0.43359375 0.384375 0.0828125 0.128125
3 0.371875 0.4375 0.0890625 0.140625
3 0.3765625 0.559375 0.09375 0.1484375
1 0.30234375 0.6203125 0.0796875 0.1109375
1 0.32421875 0.52734375 0.0859375 0.1234375
1 0.43359375 0.49140625 0.075 0.1171875
1 0.50625 0.39140625 0.0734375 0.1140625
4 0.4890625 0.48828125 0.075 0.1171875