4 0.48515625 0.50234375 0.1390625 0.134375
4 0.48515625 0.5875 0.1546875 0.15
3 0.20234375 0.54921875 0.1421875 0.1375
1 0.55546875 0.40390625 0.1328125 0.128125
4 0.5921875 0.23671875 0.1734375 0.1671875
4 0.64453125 0.46640625 0.171875 0.1671875
3 0.3703125 0.7703125 0.1609375 0.15625
3 0.3890625 0.5421875 0.15625 0.1515625
4 0.3296875 0.7125 0.1640625 0.159375
1 0.30078125 0.50703125 0.1578125 0.1515625
4 0.39609375 0.465625 0.1640625 0.159375
1 0.36171875 0.62734375 0.159375 0.1546875
4 0.303125 0.58359375 0.15625 0.1515625
1 0.4 0.37578125 0.1390625 0.134375
4 0.44375 0.6703125 0.1609375 0.1546875
3 0.678125 0.334375 0.1546875 0.1484375