0 0.55390625 0.57890625 0.1265625 0.09375
0 0.3890625 0.690625 0.1671875 0.1203125
0 0.66640625 0.64296875 0.1296875 0.1
3 0.5640625 0.50078125 0.1296875 0.09375
0 0.29296875 0.59765625 0.1765625 0.11875
2 0.46015625 0.5234375 0.1265625 0.0890625
0 0.315625 0.784375 0.1703125 0.125
0 0.26484375 0.72421875 0.1671875 0.121875
2 0.28046875 0.50546875 0.1671875 0.1078125
2 0.16484375 0.62734375 0.1671875 0.1140625
2 0.55 0.68515625 0.15625 0.121875
2 0.33984375 0.64140625 0.1609375 0.11875
2 0.44921875 0.584375 0.1234375 0.0890625
2 0.21953125 0.665625 0.159375 0.1109375