1 0.54921875 0.5546875 0.1390625 0.1078125
4 0.36328125 0.50703125 0.1484375 0.1125
4 0.3671875 0.5796875 0.1453125 0.1140625
4 0.671875 0.26953125 0.1546875 0.1296875
4 0.21015625 0.07265625 0.16875 0.1390625
3 0.1546875 0.3359375 0.165625 0.1234375
3 0.275 0.5140625 0.1484375 0.115625
3 0.55703125 0.2859375 0.1375 0.115625
1 0.7265625 0.5609375 0.1515625 0.1125
4 0.43125 0.48359375 0.14375 0.1125
4 0.5484375 0.48671875 0.115625 0.0890625
3 0.89765625 0.6953125 0.134375 0.1078125
4 0.83203125 0.7234375 0.1578125 0.1140625
4 0.290625 0.440625 0.146875 0.1140625
3 0.196875 0.25234375 0.1734375 0.13125
4 0.84375 0.61640625 0.1640625 0.1203125