0 0.61640625 0.65234375 0.209375 0.2625
0 0.5265625 0.48203125 0.2078125 0.24375
4 0.565625 0.8265625 0.2109375 0.2640625
0 0.3921875 0.1921875 0.1640625 0.20625
4 0.21171875 0.60234375 0.2125 0.2578125
0 0.32109375 0.3671875 0.1734375 0.2234375
4 0.76640625 0.6015625 0.2515625 0.2984375
4 0.3921875 0.303125 0.1921875 0.240625
3 0.153125 0.33515625 0.1890625 0.2328125
3 0.421875 0.7171875 0.2 0.2578125
3 0.5359375 0.32890625 0.1875 0.2328125
3 0.225 0.2375 0.1578125 0.2046875
2 0.4265625 0.4875 0.203125 0.253125
2 0.334375 0.53984375 0.1859375 0.2359375
3 0.1125 0.48671875 0.2015625 0.24375