4 0.35390625 0.659375 0.1390625 0.0765625
4 0.56015625 0.36328125 0.13359375 0.078125
4 0.65859375 0.2703125 0.13046875 0.08828125
4 0.4734375 0.56171875 0.10234375 0.05546875
4 0.39453125 0.36171875 0.11953125 0.07265625
4 0.628125 0.4078125 0.13046875 0.0734375
4 0.56875 0.55390625 0.1046875 0.0546875
4 0.46171875 0.67890625 0.12421875 0.0796875
3 0.525 0.44296875 0.12109375 0.0671875
4 0.20703125 0.29765625 0.11875 0.06953125
1 0.72109375 0.321875 0.1296875 0.07265625
1 0.65078125 0.47890625 0.12421875 0.0703125
3 0.36640625 0.59375 0.13125 0.075
3 0.72265625 0.60390625 0.11875 0.06171875
3 0.55859375 0.29765625 0.12578125 0.07890625
3 0.5359375 0.503125 0.10703125 0.05859375