1 0.3640625 0.7640625 0.096875 0.1546875
4 0.26015625 0.63203125 0.1140625 0.1640625
3 0.640625 0.11953125 0.0859375 0.1515625
1 0.44609375 0.71796875 0.1 0.165625
4 0.29296875 0.7171875 0.1125 0.1734375
1 0.37734375 0.63203125 0.0828125 0.121875
3 0.42578125 0.5171875 0.0890625 0.1390625
3 0.51328125 0.709375 0.096875 0.1609375
4 0.2921875 0.50859375 0.090625 0.1390625
3 0.48125 0.8859375 0.103125 0.1875
3 0.62578125 0.69296875 0.1 0.1640625
1 0.51796875 0.44609375 0.1015625 0.1640625
1 0.36328125 0.50078125 0.0875 0.11875