2 0.325 0.71171875 0.215625 0.190625
2 0.6859375 0.66015625 0.2265625 0.203125
0 0.41171875 0.59453125 0.196875 0.1765625
2 0.25703125 0.6703125 0.2125 0.1859375
0 0.5265625 0.70546875 0.209375 0.1890625
0 0.44765625 0.88671875 0.2515625 0.2265625
2 0.46640625 0.64140625 0.209375 0.1875
0 0.37890625 0.79921875 0.24375 0.21875
2 0.3796875 0.4875 0.1984375 0.175
2 0.56328125 0.471875 0.1734375 0.15
0 0.6578125 0.5234375 0.175 0.1484375
2 0.565625 0.54609375 0.1765625 0.15625
0 0.7765625 0.5828125 0.18125 0.1578125
3 0.6625 0.4234375 0.1484375 0.13125