4 0.53203125 0.56796875 0.11484375 0.0640625
4 0.5453125 0.50625 0.1265625 0.06953125
4 0.39453125 0.57734375 0.1265625 0.06875
1 0.4234375 0.525 0.125 0.07109375
4 0.46796875 0.35390625 0.1375 0.0875
4 0.25234375 0.5484375 0.14453125 0.07578125
4 0.77109375 0.6 0.15859375 0.08203125
1 0.11640625 0.30625 0.13046875 0.0703125
3 0.484375 0.459375 0.13203125 0.075
4 0.8 0.3375 0.13671875 0.08203125
3 0.5609375 0.4015625 0.121875 0.071875
3 0.296875 0.49921875 0.140625 0.0765625
4 0.69765625 0.54140625 0.1453125 0.07734375
3 0.87109375 0.54296875 0.13046875 0.059375
3 0.3484375 0.63203125 0.13125 0.0796875
1 0.71953125 0.38046875 0.1453125 0.08125