1 0.39921875 0.1890625 0.2234375 0.240625
1 0.4 0.8109375 0.20625 0.225
1 0.6078125 0.25234375 0.2140625 0.2328125
1 0.58203125 0.4703125 0.171875 0.1859375
4 0.6890625 0.334375 0.1875 0.2046875
4 0.5140625 0.38515625 0.196875 0.2109375
3 0.4609375 0.27421875 0.2328125 0.253125
1 0.3484375 0.38671875 0.2015625 0.2140625
3 0.2421875 0.45546875 0.1796875 0.19375
3 0.33828125 0.4984375 0.2046875 0.225
3 0.29765625 0.31328125 0.209375 0.221875
4 0.42109375 0.63359375 0.178125 0.196875
3 0.446875 0.50078125 0.1828125 0.1953125