4 0.5265625 0.58671875 0.1609375 0.1015625
4 0.51640625 0.25859375 0.1859375 0.1234375
1 0.8328125 0.48984375 0.184375 0.109375
1 0.37265625 0.61796875 0.1609375 0.1015625
1 0.72421875 0.3765625 0.175 0.1046875
1 0.628125 0.528125 0.14375 0.0890625
4 0.2609375 0.2765625 0.16875 0.109375
4 0.234375 0.56328125 0.159375 0.103125
4 0.5640625 0.7171875 0.171875 0.125
4 0.475 0.34140625 0.1421875 0.09375
3 0.07265625 0.34140625 0.125 0.1046875
4 0.19609375 0.48125 0.184375 0.1171875
3 0.934375 0.26875 0.13125 0.140625
4 0.3671875 0.43125 0.15 0.0765625
4 0.37109375 0.53984375 0.1515625 0.0921875
3 0.9390625 0.475 0.121875 0.0875
3 0.4953125 0.48828125 0.171875 0.1015625
1 0.33671875 0.48046875 0.2140625 0.13125