0 0.5375 0.5875 0.1171875 0.075
0 0.3546875 0.66640625 0.153125 0.09375
0 0.6359375 0.671875 0.1171875 0.08125
3 0.56328125 0.51328125 0.11875 0.0734375
0 0.278125 0.55625 0.1640625 0.090625
2 0.45625 0.515625 0.115625 0.0703125
0 0.26484375 0.74453125 0.15625 0.096875
0 0.2265625 0.675 0.153125 0.0953125
2 0.28359375 0.4640625 0.1578125 0.0796875
2 0.14609375 0.5609375 0.15625 0.0859375
2 0.5140625 0.69140625 0.1421875 0.0984375
2 0.31640625 0.6078125 0.146875 0.09375
2 0.43359375 0.5734375 0.1140625 0.06875
2 0.19296875 0.609375 0.1484375 0.0859375