4 0.5203125 0.31875 0.1375 0.1265625
4 0.8265625 0.696875 0.1421875 0.125
4 0.659375 0.47578125 0.14375 0.13125
4 0.44609375 0.346875 0.1609375 0.1484375
4 0.5265625 0.559375 0.153125 0.1421875
4 0.3671875 0.24921875 0.1640625 0.15
3 0.81484375 0.33359375 0.184375 0.171875
4 0.88359375 0.51171875 0.171875 0.15625
4 0.42734375 0.4484375 0.1578125 0.14375
1 0.51328125 0.64296875 0.1625 0.1484375
4 0.60234375 0.65078125 0.15 0.1375
3 0.42890625 0.521875 0.1453125 0.1328125
1 0.3625 0.3609375 0.1578125 0.1453125
3 0.6140625 0.7296875 0.1578125 0.14375
3 0.56953125 0.4 0.14375 0.1328125
3 0.7421875 0.703125 0.1546875 0.1375