3 0.11875 0.43046875 0.20625 0.1984375
1 0.5875 0.1359375 0.165625 0.1578125
0 0.56796875 0.3796875 0.1859375 0.1765625
1 0.36328125 0.27890625 0.178125 0.171875
4 0.58515625 0.5609375 0.1484375 0.1421875
0 0.35078125 0.57421875 0.1890625 0.1796875
0 0.69609375 0.59296875 0.1859375 0.1796875
0 0.78203125 0.2953125 0.18125 0.171875
3 0.4265625 0.321875 0.1734375 0.1671875
1 0.49296875 0.21953125 0.1609375 0.1546875
4 0.609375 0.20546875 0.175 0.165625
1 0.51953125 0.30625 0.165625 0.159375
0 0.46328125 0.76875 0.1953125 0.1875
1 0.62890625 0.2734375 0.18125 0.171875
0 0.2828125 0.50234375 0.190625 0.1828125