4 0.53515625 0.58359375 0.153125 0.0859375
4 0.49140625 0.2578125 0.1765625 0.10625
1 0.8296875 0.45546875 0.1765625 0.09140625
1 0.3859375 0.63046875 0.15234375 0.08671875
1 0.71015625 0.35390625 0.1671875 0.08828125
1 0.63046875 0.51484375 0.1359375 0.075
4 0.2390625 0.303125 0.159375 0.09296875
4 0.2421875 0.590625 0.1515625 0.0875
4 0.58671875 0.709375 0.1609375 0.10859375
4 0.45859375 0.34453125 0.134375 0.08046875
3 0.05859375 0.38671875 0.11640625 0.09375
4 0.19609375 0.51328125 0.17421875 0.09921875
3 0.92421875 0.2234375 0.15078125 0.125
4 0.3609375 0.4453125 0.14375 0.06171875
4 0.37578125 0.553125 0.14375 0.07734375
3 0.93828125 0.42890625 0.12265625 0.07578125
3 0.49375 0.4890625 0.16328125 0.084375
1 0.3359375 0.49765625 0.20390625 0.11015625