1 0.3875 0.775 0.084375 0.14765625
4 0.27265625 0.65234375 0.1015625 0.15625
3 0.60703125 0.10859375 0.0734375 0.1453125
1 0.465625 0.721875 0.0859375 0.15859375
4 0.3125 0.734375 0.0984375 0.165625
1 0.3890625 0.6421875 0.0734375 0.115625
3 0.42734375 0.5234375 0.07734375 0.1328125
3 0.53125 0.7078125 0.084375 0.1546875
4 0.29375 0.5265625 0.07890625 0.1328125
3 0.51484375 0.8859375 0.08828125 0.18125
3 0.6421875 0.68125 0.08671875 0.1578125
1 0.51328125 0.44453125 0.0875 0.15703125
1 0.3640625 0.5125 0.07734375 0.11171875