0 0.7 0.80078125 0.196875 0.171875
0 0.428125 0.47890625 0.21875 0.1953125
0 0.3015625 0.709375 0.2234375 0.196875
0 0.440625 0.6546875 0.2234375 0.196875
0 0.66328125 0.66484375 0.175 0.153125
0 0.29921875 0.59609375 0.2171875 0.1921875
3 0.72890625 0.6015625 0.1515625 0.1375
2 0.45234375 0.57265625 0.2 0.1796875
2 0.2796875 0.39609375 0.228125 0.203125
2 0.5875 0.76640625 0.215625 0.190625
2 0.47734375 0.36953125 0.21875 0.1953125
2 0.30625 0.4890625 0.225 0.2
2 0.6171875 0.53671875 0.19375 0.16875
2 0.5734375 0.5921875 0.1859375 0.1609375