4 0.55703125 0.4421875 0.16796875 0.09921875
4 0.45078125 0.38515625 0.16796875 0.1015625
3 0.23671875 0.34609375 0.17109375 0.09375
1 0.6484375 0.39609375 0.171875 0.0984375
3 0.7078125 0.12265625 0.1859375 0.115625
4 0.1796875 0.409375 0.1703125 0.084375
4 0.13203125 0.63671875 0.19453125 0.10625
1 0.80234375 0.5859375 0.16015625 0.09140625
4 0.4109375 0.29765625 0.171875 0.1046875
1 0.525 0.33125 0.175 0.10390625
4 0.36640625 0.62109375 0.1546875 0.09140625
3 0.26484375 0.7265625 0.14765625 0.09296875
4 0.23671875 0.2703125 0.17109375 0.09296875
4 0.6484375 0.29140625 0.175 0.11328125
3 0.5328125 0.6921875 0.14375 0.0984375
4 0.65859375 0.20703125 0.16875 0.09921875
1 0.771875 0.246875 0.16953125 0.10546875
1 0.8203125 0.3296875 0.15 0.078125
3 0.903125 0.39765625 0.17734375 0.0890625