4 0.29453125 0.36015625 0.1390625 0.078125
4 0.35546875 0.2296875 0.146875 0.090625
1 0.5203125 0.34453125 0.140625 0.0921875
3 0.56640625 0.25078125 0.1515625 0.1015625
4 0.4171875 0.32578125 0.14140625 0.0859375
1 0.6078125 0.4015625 0.12265625 0.0734375
4 0.3265625 0.29765625 0.14453125 0.0859375
4 0.35703125 0.45546875 0.13125 0.0703125
4 0.6390625 0.52578125 0.1609375 0.0828125
1 0.88984375 0.69609375 0.1375 0.07265625
4 0.1296875 0.4515625 0.13828125 0.0671875
3 0.82578125 0.4234375 0.13984375 0.0703125
4 0.24921875 0.42421875 0.1234375 0.06171875
3 0.7125 0.3890625 0.12109375 0.06796875
3 0.38359375 0.39140625 0.13671875 0.078125
3 0.15625 0.38046875 0.15 0.08515625
4 0.1234375 0.51875 0.15859375 0.07890625
1 0.25234375 0.49609375 0.140625 0.07109375
1 0.484375 0.41640625 0.13828125 0.08125