3 0.140625 0.29765625 0.1578125 0.159375
3 0.196875 0.37734375 0.1453125 0.146875
1 0.32421875 0.52421875 0.1609375 0.1625
1 0.38046875 0.8375 0.1484375 0.1484375
4 0.415625 0.484375 0.1265625 0.128125
1 0.45390625 0.5828125 0.1453125 0.1453125
4 0.54609375 0.58359375 0.1625 0.165625
3 0.62265625 0.69765625 0.146875 0.1484375
3 0.66640625 0.63203125 0.159375 0.1609375
1 0.63046875 0.546875 0.15625 0.1578125
4 0.6359375 0.47109375 0.1609375 0.1625
1 0.53359375 0.42734375 0.1453125 0.146875
3 0.51484375 0.490625 0.146875 0.1484375