1 0.92734375 0.51953125 0.1453125 0.2328125
1 0.8140625 0.6859375 0.2015625 0.2
1 0.46875 0.42890625 0.1578125 0.15625
4 0.4046875 0.2484375 0.159375 0.1578125
4 0.4765625 0.69140625 0.1953125 0.19375
1 0.28203125 0.39296875 0.175 0.1734375
4 0.384375 0.33046875 0.1546875 0.153125
1 0.615625 0.4921875 0.19375 0.190625
4 0.13359375 0.41875 0.2125 0.209375
3 0.1921875 0.34609375 0.1921875 0.190625
4 0.5109375 0.234375 0.209375 0.20625
3 0.5234375 0.365625 0.1703125 0.16875
4 0.46640625 0.58046875 0.146875 0.146875
3 0.6 0.740625 0.1953125 0.1921875
1 0.6921875 0.4359375 0.1515625 0.15
3 0.60546875 0.6 0.1640625 0.1625
4 0.2625 0.49453125 0.19375 0.1921875
4 0.390625 0.4671875 0.165625 0.1640625
4 0.28125 0.2859375 0.18125 0.178125