4 0.44296875 0.628125 0.1296875 0.0984375
4 0.690625 0.43046875 0.1359375 0.1015625
1 0.55 0.27734375 0.1453125 0.11875
4 0.23203125 0.60625 0.1703125 0.128125
4 0.41171875 0.453125 0.1515625 0.121875
4 0.3578125 0.528125 0.1578125 0.121875
4 0.7609375 0.5203125 0.165625 0.128125
4 0.19765625 0.5 0.1625 0.1203125
1 0.2671875 0.53203125 0.1546875 0.121875
3 0.28671875 0.34296875 0.153125 0.1265625
3 0.85703125 0.41328125 0.140625 0.1015625
1 0.33203125 0.4421875 0.1546875 0.11875
3 0.75078125 0.32265625 0.1546875 0.115625
3 0.346875 0.6390625 0.1453125 0.109375
4 0.09375 0.540625 0.14375 0.1125
1 0.1203125 0.47421875 0.15625 0.1125
1 0.2171875 0.4109375 0.140625 0.109375
3 0.03046875 0.553125 0.0609375 0.096875