3 0.2953125 0.51640625 0.08046875 0.1203125
4 0.44296875 0.37109375 0.0875 0.15234375
3 0.3609375 0.6546875 0.09140625 0.15
3 0.5015625 0.44375 0.06953125 0.12734375
4 0.48359375 0.2828125 0.08046875 0.14921875
4 0.4859375 0.5703125 0.08125 0.14765625
3 0.36328125 0.3984375 0.078125 0.12734375
1 0.4078125 0.28046875 0.0875 0.1515625
3 0.42734375 0.4984375 0.06328125 0.1140625
1 0.5609375 0.403125 0.07421875 0.1421875
1 0.36875 0.5015625 0.06328125 0.1140625
1 0.29765625 0.40859375 0.06484375 0.11015625
1 0.57890625 0.68359375 0.08671875 0.16484375