4 0.57890625 0.4796875 0.1953125 0.171875
4 0.5171875 0.3765625 0.196875 0.1734375
3 0.35390625 0.2328125 0.1953125 0.16875
1 0.68046875 0.4875 0.1984375 0.1734375
3 0.87265625 0.28359375 0.21875 0.1953125
4 0.271875 0.25703125 0.1890625 0.159375
4 0.1140625 0.42734375 0.221875 0.190625
1 0.71484375 0.7296875 0.184375 0.1609375
4 0.528125 0.28046875 0.2015625 0.178125
1 0.60859375 0.36796875 0.203125 0.1796875
4 0.3234375 0.53515625 0.1796875 0.1578125
3 0.18203125 0.5734375 0.175 0.15625
4 0.39296875 0.1671875 0.1953125 0.1671875
4 0.734375 0.39765625 0.2078125 0.1875
3 0.42890625 0.68125 0.1734375 0.1578125
4 0.78671875 0.33046875 0.1953125 0.171875
1 0.86328125 0.4234375 0.2 0.178125
1 0.8625 0.51875 0.16875 0.14375
3 0.8984375 0.61953125 0.1984375 0.1671875