0 0.54921875 0.46640625 0.1875 0.1203125
0 0.7484375 0.48671875 0.1890625 0.125
0 0.48828125 0.740625 0.165625 0.109375
0 0.47421875 0.62578125 0.18125 0.1140625
3 0.48359375 0.4 0.1890625 0.1234375
2 0.65703125 0.565625 0.1703125 0.109375
2 0.440625 0.50703125 0.18125 0.11875
0 0.2890625 0.56796875 0.1859375 0.1078125
0 0.371875 0.69453125 0.1671875 0.103125
2 0.20234375 0.49453125 0.1875 0.115625
0 0.5296875 0.5515625 0.16875 0.10625
2 0.1875 0.63203125 0.1890625 0.1140625
2 0.39765625 0.44765625 0.19375 0.11875
2 0.2703125 0.65 0.1890625 0.1140625
2 0.378125 0.590625 0.1828125 0.109375
0 0.37578125 0.64296875 0.0953125 0.0515625