3 0.50859375 0.66875 0.1890625 0.2015625
3 0.51484375 0.5640625 0.1421875 0.1515625
3 0.23515625 0.56015625 0.16875 0.1765625
3 0.171875 0.45 0.1703125 0.1796875
1 0.3578125 0.7109375 0.1890625 0.2
4 0.48203125 0.82109375 0.1984375 0.2109375
1 0.515625 0.4546875 0.1625 0.171875
1 0.42109375 0.4546875 0.1359375 0.14375
1 0.615625 0.53203125 0.184375 0.196875
1 0.66171875 0.6421875 0.1625 0.1734375
4 0.7296875 0.615625 0.1796875 0.1921875
4 0.59921875 0.671875 0.16875 0.178125
3 0.78359375 0.8140625 0.1578125 0.16875