0 0.1921875 0.58515625 0.1984375 0.1484375
0 0.59921875 0.69609375 0.140625 0.1125
0 0.5578125 0.56484375 0.146875 0.1078125
0 0.33203125 0.55078125 0.184375 0.140625
0 0.20234375 0.5015625 0.18125 0.1375
3 0.63125 0.5046875 0.140625 0.10625
2 0.52265625 0.4578125 0.140625 0.10625
2 0.39453125 0.33359375 0.1828125 0.1359375
0 0.334375 0.415625 0.1875 0.1375
2 0.46640625 0.653125 0.184375 0.1453125
2 0.33828125 0.48203125 0.1859375 0.134375
2 0.47109375 0.5046875 0.1609375 0.115625
2 0.21796875 0.4234375 0.1625 0.121875
2 0.209375 0.3609375 0.1671875 0.1234375