2 0.44140625 0.528125 0.1625 0.1484375
2 0.34375 0.44453125 0.1578125 0.14375
2 0.621875 0.55078125 0.125 0.115625
2 0.5234375 0.4 0.1609375 0.146875
2 0.559375 0.5796875 0.13125 0.1203125
0 0.44921875 0.46484375 0.1703125 0.1546875
2 0.534375 0.71640625 0.1703125 0.1578125
3 0.709375 0.61953125 0.1234375 0.1125
0 0.62890625 0.6578125 0.13125 0.11875
2 0.34453125 0.38046875 0.1609375 0.1453125
0 0.425 0.59296875 0.165625 0.153125
0 0.28828125 0.59140625 0.1703125 0.1578125
0 0.64296875 0.78046875 0.15 0.134375
0 0.31171875 0.51328125 0.16875 0.15625