3 0.26875 0.51484375 0.0984375 0.1640625
4 0.54609375 0.42734375 0.109375 0.175
1 0.5546875 0.62109375 0.1109375 0.1734375
3 0.42421875 0.66953125 0.0984375 0.159375
1 0.4484375 0.41484375 0.103125 0.1671875
3 0.34296875 0.53203125 0.1015625 0.165625
4 0.41171875 0.54140625 0.1 0.1640625
3 0.35859375 0.75 0.1015625 0.1703125
4 0.625 0.4046875 0.10625 0.1671875
3 0.4828125 0.57109375 0.0984375 0.1578125
1 0.27890625 0.37734375 0.109375 0.1765625
1 0.3609375 0.39453125 0.1125 0.1859375
1 0.40625 0.3078125 0.1078125 0.171875