0 0.38203125 0.665625 0.153125 0.11875
0 0.528125 0.53359375 0.140625 0.1078125
0 0.40390625 0.596875 0.1484375 0.1140625
0 0.51171875 0.64453125 0.1421875 0.109375
0 0.71328125 0.759375 0.1296875 0.09375
2 0.4234375 0.4796875 0.1328125 0.1015625
0 0.6921875 0.65859375 0.13125 0.0921875
2 0.6765625 0.5765625 0.128125 0.0921875
3 0.75078125 0.6171875 0.1296875 0.09375
2 0.61640625 0.7265625 0.1578125 0.1171875
2 0.52578125 0.5859375 0.1390625 0.1046875
2 0.58359375 0.4734375 0.134375 0.103125
2 0.62890625 0.609375 0.1296875 0.0953125
2 0.4296875 0.534375 0.1375 0.1015625