3 0.434375 0.11796875 0.20625 0.184375
1 0.87265625 0.4578125 0.1671875 0.1453125
0 0.6359375 0.52265625 0.1890625 0.1609375
1 0.6609375 0.29609375 0.1796875 0.159375
4 0.471875 0.60078125 0.15 0.13125
0 0.3796875 0.38515625 0.1921875 0.165625
0 0.4796875 0.71640625 0.1890625 0.165625
0 0.78828125 0.6953125 0.1859375 0.15625
3 0.6421875 0.36953125 0.175 0.15625
1 0.7609375 0.39765625 0.1625 0.14375
4 0.81484375 0.50234375 0.178125 0.1515625
1 0.68828125 0.4515625 0.16875 0.146875
0 0.23515625 0.55703125 0.196875 0.1734375
1 0.75703125 0.54375 0.1859375 0.1578125
0 0.4234375 0.29609375 0.1921875 0.16875