4 0.35234375 0.540625 0.1359375 0.115625
4 0.61953125 0.4875 0.14375 0.11875
4 0.3859375 0.4765625 0.1375 0.1140625
4 0.5 0.3171875 0.1171875 0.0984375
4 0.62734375 0.36796875 0.14375 0.1171875
4 0.3140625 0.38828125 0.10625 0.0890625
4 0.3265625 0.4421875 0.109375 0.0921875
4 0.47265625 0.4015625 0.1078125 0.0875
4 0.33125 0.31953125 0.1265625 0.109375
3 0.52890625 0.503125 0.134375 0.1125
3 0.48203125 0.46640625 0.1453125 0.11875
1 0.21171875 0.615625 0.1546875 0.125
1 0.23203125 0.4890625 0.1203125 0.1
3 0.43046875 0.52890625 0.134375 0.1140625
3 0.40546875 0.37265625 0.1234375 0.103125
3 0.2703125 0.5265625 0.115625 0.0953125