4 0.534375 0.68515625 0.125 0.221875
3 0.63125 0.63671875 0.125 0.209375
3 0.32109375 0.5875 0.11484375 0.18046875
1 0.425 0.44453125 0.1140625 0.209375
3 0.33984375 0.3859375 0.1203125 0.2109375
3 0.2328125 0.52421875 0.1171875 0.18046875
4 0.71171875 0.565625 0.1296875 0.2046875
1 0.59140625 0.81875 0.12890625 0.209375
4 0.515625 0.48984375 0.10859375 0.19375
3 0.43984375 0.77265625 0.09375 0.17890625
1 0.6046875 0.38828125 0.12421875 0.22109375
1 0.2484375 0.35078125 0.1140625 0.20390625
1 0.4171875 0.628125 0.096875 0.17265625