0 0.21953125 0.65234375 0.1875 0.1140625
0 0.640625 0.66875 0.13125 0.090625
0 0.57109375 0.55078125 0.1390625 0.0828125
0 0.34765625 0.5875 0.171875 0.109375
0 0.2109375 0.56875 0.171875 0.10625
3 0.62890625 0.475 0.1328125 0.0828125
2 0.5125 0.45390625 0.13125 0.0828125
2 0.359375 0.36171875 0.171875 0.1046875
0 0.31953125 0.4546875 0.178125 0.1046875
2 0.50234375 0.65703125 0.171875 0.1140625
2 0.3390625 0.51875 0.1765625 0.1015625
2 0.47265625 0.5109375 0.153125 0.0875
2 0.2078125 0.4890625 0.1515625 0.0953125
2 0.1859375 0.4296875 0.159375 0.09375