1 0.4296875 0.13671875 0.0796875 0.140625
1 0.5078125 0.5296875 0.0734375 0.1296875
4 0.45234375 0.2546875 0.065625 0.1234375
4 0.6078125 0.8015625 0.0875 0.1515625
3 0.3609375 0.41953125 0.0875 0.1421875
1 0.51328125 0.7171875 0.078125 0.1484375
3 0.54453125 0.2703125 0.0765625 0.1421875
3 0.3375 0.72265625 0.084375 0.140625
1 0.7 0.8015625 0.071875 0.1296875
4 0.34609375 0.5484375 0.08125 0.1265625
3 0.4703125 0.6234375 0.0625 0.11875
3 0.37578125 0.86328125 0.078125 0.146875
1 0.315625 0.24921875 0.075 0.125