4 0.48515625 0.58984375 0.175 0.1546875
4 0.62109375 0.28984375 0.20625 0.184375
1 0.803125 0.63671875 0.1984375 0.1703125
1 0.334375 0.55 0.175 0.1546875
1 0.75546875 0.4875 0.1890625 0.1640625
1 0.603125 0.58203125 0.1546875 0.1359375
4 0.3828125 0.19453125 0.184375 0.1640625
4 0.23359375 0.440625 0.175 0.1546875
4 0.4625 0.7234375 0.19375 0.178125
4 0.54765625 0.34609375 0.15625 0.1390625
3 0.1859375 0.1703125 0.1484375 0.140625
4 0.23515625 0.35 0.2 0.1765625
3 0.9546875 0.48984375 0.090625 0.1859375
4 0.4109375 0.3796875 0.1546875 0.128125
4 0.36640625 0.47890625 0.1625 0.1421875
3 0.909375 0.671875 0.14375 0.1296875
3 0.50078125 0.4875 0.1828125 0.1578125
1 0.36171875 0.4109375 0.23125 0.2015625