1 0.61875 0.41796875 0.15625 0.1171875
4 0.51640625 0.46953125 0.1390625 0.1
4 0.58046875 0.56015625 0.1359375 0.1015625
4 0.2921875 0.47109375 0.171875 0.134375
3 0.45703125 0.37734375 0.159375 0.11875
3 0.4078125 0.27734375 0.1828125 0.14375
4 0.653125 0.3484375 0.1640625 0.121875
4 0.28203125 0.37421875 0.178125 0.1359375
4 0.3328125 0.31171875 0.1765625 0.1390625
3 0.20234375 0.403125 0.184375 0.1359375
4 0.3953125 0.4375 0.1515625 0.1125
1 0.47421875 0.52109375 0.134375 0.1
3 0.63046875 0.490625 0.128125 0.096875
3 0.25078125 0.24765625 0.18125 0.1421875
4 0.19765625 0.30546875 0.178125 0.13125
4 0.54921875 0.31015625 0.153125 0.1171875