0 0.8421875 0.38515625 0.1921875 0.1828125
0 0.4609375 0.5640625 0.215625 0.20625
0 0.65078125 0.74609375 0.21875 0.209375
0 0.634375 0.59765625 0.21875 0.2078125
0 0.7015625 0.38515625 0.1703125 0.1625
0 0.54140625 0.71875 0.2125 0.203125
3 0.6578125 0.3046875 0.15 0.1453125
2 0.5578125 0.56484375 0.196875 0.1890625
2 0.3421875 0.6859375 0.2234375 0.2140625
2 0.78046875 0.484375 0.2109375 0.2015625
2 0.36875 0.48828125 0.2140625 0.20625
2 0.43984375 0.684375 0.2203125 0.2109375
2 0.565625 0.396875 0.1890625 0.1796875
2 0.6078125 0.45234375 0.1796875 0.171875