1 0.54296875 0.559375 0.140625 0.115625
4 0.36328125 0.49296875 0.15 0.121875
4 0.359375 0.565625 0.146875 0.1234375
4 0.6953125 0.2890625 0.1578125 0.1390625
4 0.25546875 0.059375 0.1703125 0.11875
3 0.1734375 0.30078125 0.165625 0.134375
3 0.275 0.490625 0.15 0.125
3 0.57890625 0.29296875 0.140625 0.1234375
1 0.71875 0.584375 0.1515625 0.121875
4 0.4328125 0.4765625 0.1453125 0.121875
4 0.55 0.4921875 0.1171875 0.096875
3 0.875 0.7359375 0.1359375 0.115625
4 0.80625 0.75703125 0.1578125 0.125
4 0.29765625 0.41875 0.1484375 0.1234375
3 0.22421875 0.221875 0.175 0.1421875
4 0.8296875 0.6515625 0.165625 0.13125