4 0.415625 0.42578125 0.175 0.115625
4 0.346875 0.61484375 0.15 0.0875
4 0.184375 0.67265625 0.171875 0.109375
3 0.39921875 0.14921875 0.178125 0.121875
3 0.6734375 0.29609375 0.171875 0.125
1 0.6828125 0.475 0.1671875 0.1125
4 0.240625 0.35703125 0.1328125 0.0953125
4 0.42109375 0.28984375 0.1640625 0.115625
3 0.31484375 0.71796875 0.153125 0.0953125
1 0.46328125 0.36953125 0.1765625 0.11875
4 0.31171875 0.4109375 0.1609375 0.10625
3 0.50625 0.63125 0.1640625 0.109375
4 0.1375 0.49296875 0.1515625 0.090625
4 0.128125 0.38203125 0.153125 0.0890625
1 0.571875 0.26796875 0.1484375 0.1140625
3 0.153125 0.4359375 0.1546875 0.096875
1 0.4953125 0.2234375 0.1578125 0.109375
1 0.34921875 0.3515625 0.1734375 0.1140625
1 0.3890625 0.22890625 0.1390625 0.0984375