4 0.59609375 0.49921875 0.1390625 0.1515625
4 0.403125 0.53125 0.1421875 0.1546875
1 0.5390625 0.44609375 0.1625 0.175
4 0.675 0.52265625 0.1640625 0.1765625
1 0.44375 0.23828125 0.1796875 0.1921875
1 0.43828125 0.34609375 0.1359375 0.146875
3 0.45625 0.59453125 0.1734375 0.1890625
3 0.321875 0.61171875 0.140625 0.153125
1 0.57734375 0.33203125 0.159375 0.171875
1 0.48359375 0.66328125 0.171875 0.1859375
3 0.35546875 0.4515625 0.16875 0.18125
3 0.33359375 0.35859375 0.1515625 0.1625
3 0.22734375 0.61484375 0.1890625 0.2046875