4 0.609375 0.4296875 0.121875 0.0671875
4 0.6375 0.56171875 0.11640625 0.065625
3 0.3015625 0.346875 0.1640625 0.09140625
3 0.4828125 0.134375 0.16640625 0.11875
4 0.6984375 0.24375 0.15859375 0.096875
4 0.60078125 0.49765625 0.11953125 0.065625
3 0.6703125 0.621875 0.12734375 0.06640625
4 0.61875 0.30546875 0.16796875 0.10390625
1 0.5234375 0.5859375 0.1296875 0.08125
3 0.83515625 0.4921875 0.15078125 0.06875
4 0.6953125 0.3515625 0.16953125 0.0953125
4 0.465625 0.4640625 0.14921875 0.0890625
3 0.4046875 0.54921875 0.15390625 0.0890625
1 0.03515625 0.47890625 0.06953125 0.0890625
4 0.134375 0.4921875 0.16875 0.07734375
4 0.19765625 0.41875 0.16875 0.08203125