2 0.496875 0.56484375 0.1640625 0.134375
2 0.37734375 0.61171875 0.1578125 0.13125
2 0.60234375 0.41640625 0.125 0.1046875
2 0.42265625 0.4328125 0.1625 0.13125
2 0.5984375 0.48515625 0.13125 0.109375
0 0.4453125 0.528125 0.171875 0.140625
2 0.70703125 0.57109375 0.1703125 0.1453125
3 0.70390625 0.37109375 0.1234375 0.1015625
0 0.69921875 0.46015625 0.1328125 0.10625
2 0.32109375 0.58125 0.1625 0.13125
0 0.546875 0.61015625 0.165625 0.1390625
0 0.48125 0.7296875 0.1703125 0.1453125
0 0.81484375 0.50546875 0.1515625 0.1203125
0 0.4234375 0.67265625 0.16875 0.1421875