4 0.52578125 0.54765625 0.140625 0.08125
4 0.27734375 0.575 0.1390625 0.078125
4 0.3625 0.64296875 0.1203125 0.0671875
4 0.459375 0.5953125 0.1453125 0.084375
1 0.5859375 0.334375 0.13125 0.0859375
1 0.4578125 0.36875 0.1375 0.075
4 0.55078125 0.6296875 0.140625 0.0875
4 0.6734375 0.57265625 0.153125 0.0875
3 0.80625 0.52109375 0.1359375 0.0640625
3 0.72890625 0.63203125 0.121875 0.0703125
3 0.25390625 0.6421875 0.11875 0.065625
3 0.5421875 0.41171875 0.1296875 0.0734375
1 0.15390625 0.32890625 0.1515625 0.0859375
4 0.35390625 0.47578125 0.15 0.0875
4 0.65703125 0.45625 0.1328125 0.0734375
1 0.378125 0.55078125 0.1375 0.084375
1 0.5390625 0.4734375 0.1125 0.065625
4 0.3015625 0.37890625 0.121875 0.0671875
1 0.37734375 0.31953125 0.1453125 0.0875