1 0.434375 0.29453125 0.1140625 0.09375
4 0.659375 0.440625 0.1265625 0.1078125
4 0.46640625 0.48828125 0.125 0.1015625
1 0.3859375 0.409375 0.1109375 0.090625
4 0.7875 0.52578125 0.13125 0.109375
4 0.45703125 0.43203125 0.1203125 0.1
3 0.62734375 0.35546875 0.0984375 0.084375
4 0.27109375 0.4703125 0.1359375 0.1109375
4 0.42890625 0.52890625 0.11875 0.0953125
3 0.540625 0.58359375 0.1234375 0.1046875
4 0.31640625 0.44609375 0.125 0.103125
1 0.27109375 0.371875 0.125 0.0984375
1 0.3953125 0.47734375 0.1140625 0.09375
4 0.609375 0.58359375 0.125 0.1015625
1 0.278125 0.31953125 0.1140625 0.0890625
3 0.27734375 0.31875 0.1125 0.0875
1 0.23828125 0.415625 0.1234375 0.1015625
3 0.1984375 0.4796875 0.11875 0.0921875
4 0.4890625 0.60390625 0.134375 0.109375
3 0.7828125 0.44375 0.13125 0.1125