4 0.4546875 0.6328125 0.13125 0.10625
4 0.68359375 0.4140625 0.1375 0.1078125
1 0.53046875 0.27421875 0.146875 0.125
4 0.2421875 0.62890625 0.171875 0.1375
4 0.4078125 0.46171875 0.1546875 0.1296875
4 0.36015625 0.53984375 0.1578125 0.1296875
4 0.76171875 0.49765625 0.1671875 0.1359375
4 0.19921875 0.52578125 0.1640625 0.1296875
1 0.2703125 0.5515625 0.15625 0.1296875
3 0.2734375 0.36171875 0.1546875 0.134375
3 0.84765625 0.3828125 0.1421875 0.109375
1 0.328125 0.45703125 0.1546875 0.128125
3 0.734375 0.3015625 0.15625 0.1234375
3 0.359375 0.65234375 0.1453125 0.1171875
4 0.09921875 0.57578125 0.1453125 0.1203125
1 0.11953125 0.5078125 0.15625 0.121875
1 0.2109375 0.4359375 0.1421875 0.1171875
3 0.034375 0.59609375 0.06875 0.0984375