1 0.25 0.61796875 0.203125 0.146875
4 0.36171875 0.5796875 0.178125 0.1296875
4 0.17578125 0.509375 0.184375 0.1203125
4 0.28671875 0.4890625 0.178125 0.1171875
4 0.12578125 0.62734375 0.196875 0.1484375
4 0.4984375 0.34375 0.1671875 0.1203125
4 0.2734375 0.3859375 0.171875 0.11875
3 0.6453125 0.390625 0.1828125 0.1359375
4 0.38046875 0.35078125 0.1734375 0.121875
3 0.1484375 0.36875 0.175 0.1234375
1 0.66640625 0.4875 0.1734375 0.115625
4 0.52734375 0.4234375 0.1453125 0.0984375
4 0.24453125 0.30390625 0.190625 0.13125
3 0.58671875 0.5453125 0.153125 0.103125
3 0.77265625 0.24921875 0.2015625 0.1515625
3 0.40625 0.43125 0.1625 0.109375