3 0.59140625 0.0765625 0.096875 0.146875
3 0.5296875 0.12734375 0.096875 0.1515625
4 0.48203125 0.20234375 0.1 0.1515625
1 0.2890625 0.50234375 0.10625 0.1421875
3 0.43359375 0.2890625 0.08125 0.1203125
1 0.22578125 0.53984375 0.0859375 0.1046875
1 0.37109375 0.53046875 0.0953125 0.134375
4 0.415625 0.58046875 0.09375 0.134375
1 0.44453125 0.69453125 0.096875 0.140625
3 0.38203125 0.68671875 0.096875 0.140625
3 0.3 0.59609375 0.10625 0.14375
1 0.259375 0.696875 0.10625 0.1453125
4 0.3359375 0.76484375 0.1 0.1421875