1 0.2796875 0.6671875 0.18359375 0.11171875
4 0.38125 0.60703125 0.16171875 0.0984375
4 0.18515625 0.5765625 0.1703125 0.0875
4 0.2890625 0.53359375 0.1640625 0.084375
4 0.16015625 0.70234375 0.1765625 0.11484375
4 0.465625 0.34765625 0.15234375 0.08984375
4 0.2546875 0.43515625 0.15625 0.08828125
3 0.61953125 0.3625 0.16484375 0.1046875
4 0.35234375 0.37890625 0.15859375 0.09140625
3 0.12890625 0.44453125 0.16015625 0.09140625
1 0.66015625 0.453125 0.16015625 0.08359375
4 0.5109375 0.41953125 0.13359375 0.071875
4 0.209375 0.3609375 0.175 0.096875
3 0.59453125 0.5265625 0.140625 0.07578125
3 0.71484375 0.19765625 0.18046875 0.1171875
3 0.39375 0.45234375 0.1484375 0.0796875