4 0.50390625 0.66328125 0.115625 0.103125
4 0.5625 0.41171875 0.1203125 0.1046875
4 0.49921875 0.32734375 0.1125 0.0984375
1 0.5734375 0.35703125 0.1234375 0.1078125
4 0.475 0.44296875 0.1109375 0.096875
4 0.4 0.4328125 0.1140625 0.1
1 0.7765625 0.34296875 0.1390625 0.1203125
4 0.60546875 0.55078125 0.10625 0.0953125
1 0.52578125 0.26171875 0.109375 0.0984375
4 0.36875 0.571875 0.10625 0.0921875
4 0.45 0.30078125 0.103125 0.0921875
1 0.47109375 0.39296875 0.1125 0.0984375
4 0.30078125 0.5046875 0.1125 0.0953125
3 0.6328125 0.6296875 0.125 0.1125
1 0.60625 0.26171875 0.1359375 0.1203125
3 0.35078125 0.52578125 0.1109375 0.0953125
3 0.6875 0.24453125 0.146875 0.128125
3 0.73125 0.49765625 0.134375 0.11875
3 0.41171875 0.25234375 0.13125 0.1171875