4 0.5578125 0.44296875 0.1703125 0.1015625
4 0.453125 0.384375 0.1703125 0.1046875
3 0.2390625 0.34140625 0.1734375 0.096875
1 0.65 0.3984375 0.1734375 0.1015625
3 0.7140625 0.1265625 0.1875 0.11875
4 0.18125 0.40390625 0.171875 0.0875
4 0.1296875 0.63046875 0.196875 0.109375
1 0.80078125 0.59140625 0.1625 0.09375
4 0.41484375 0.29609375 0.1734375 0.1078125
1 0.528125 0.33203125 0.1765625 0.10625
4 0.3640625 0.61875 0.15625 0.09375
3 0.2609375 0.72265625 0.15 0.0953125
4 0.240625 0.265625 0.1734375 0.0953125
4 0.65234375 0.29375 0.1765625 0.115625
3 0.5296875 0.69296875 0.1453125 0.1015625
4 0.6640625 0.21015625 0.1703125 0.1015625
1 0.7765625 0.2515625 0.171875 0.1078125
1 0.8234375 0.33515625 0.1515625 0.08125
3 0.9046875 0.4046875 0.178125 0.0921875