4 0.4171875 0.640625 0.0984375 0.06015625
4 0.6 0.45859375 0.10625 0.0578125
4 0.590625 0.353125 0.096875 0.05625
1 0.63828125 0.41796875 0.1078125 0.059375
4 0.509375 0.43828125 0.096875 0.053125
4 0.45078125 0.38984375 0.09921875 0.05546875
1 0.81796875 0.51328125 0.12265625 0.065625
4 0.5625 0.59921875 0.09140625 0.05546875
1 0.64765625 0.31171875 0.09140625 0.059375
4 0.35078125 0.49140625 0.0953125 0.0484375
4 0.56328125 0.3046875 0.08828125 0.05390625
1 0.53203125 0.39375 0.09765625 0.05546875
4 0.32890625 0.3984375 0.1015625 0.0484375
3 0.54375 0.68046875 0.1046875 0.0671875
1 0.71640625 0.3546875 0.1171875 0.06796875
3 0.359375 0.44296875 0.09921875 0.05078125
3 0.79453125 0.3828125 0.13046875 0.06953125
3 0.69765625 0.6203125 0.1171875 0.06640625
3 0.55625 0.24296875 0.1125 0.06796875