1 0.5359375 0.2796875 0.16875 0.196875
1 0.50859375 0.39921875 0.1609375 0.190625
3 0.31171875 0.39921875 0.15625 0.184375
4 0.58671875 0.45859375 0.1703125 0.2015625
4 0.66953125 0.48515625 0.1640625 0.1921875
4 0.41953125 0.50078125 0.15625 0.184375
1 0.4828125 0.671875 0.159375 0.1921875
3 0.2390625 0.63515625 0.165625 0.196875
3 0.34375 0.6 0.15625 0.18125
3 0.36328125 0.4546875 0.15625 0.1859375
3 0.4546875 0.575 0.15625 0.1859375
1 0.384375 0.26796875 0.1703125 0.2
1 0.4453125 0.334375 0.1734375 0.203125