4 0.43125 0.4109375 0.16171875 0.0859375
4 0.328125 0.58359375 0.140625 0.0625
4 0.15703125 0.609375 0.159375 0.0796875
3 0.46796875 0.13671875 0.16328125 0.0921875
3 0.709375 0.3328125 0.15625 0.09765625
1 0.684375 0.51015625 0.153125 0.084375
4 0.27265625 0.31015625 0.12109375 0.0734375
4 0.4625 0.27890625 0.15 0.08828125
3 0.2765625 0.67890625 0.14296875 0.06953125
1 0.4890625 0.36484375 0.16171875 0.08984375
4 0.33203125 0.3765625 0.14921875 0.07890625
3 0.48125 0.6296875 0.1515625 0.08203125
4 0.1453125 0.42421875 0.1421875 0.06484375
4 0.1578125 0.31328125 0.14375 0.0625
1 0.61484375 0.2859375 0.13359375 0.08984375
3 0.171875 0.37109375 0.14453125 0.0703125
1 0.5484375 0.22734375 0.14375 0.08359375
1 0.38046875 0.32578125 0.16015625 0.08515625
1 0.44296875 0.2125 0.12734375 0.07578125