4 0.428125 0.70390625 0.1578125 0.125
4 0.50234375 0.35078125 0.153125 0.1234375
4 0.55625 0.2265625 0.1546875 0.1328125
4 0.5 0.5671875 0.115625 0.090625
4 0.34921875 0.4140625 0.1390625 0.1140625
4 0.58203125 0.36484375 0.1484375 0.11875
4 0.584375 0.52265625 0.1171875 0.090625
4 0.534375 0.6796875 0.1453125 0.121875
3 0.50078125 0.4375 0.1375 0.109375
4 0.1515625 0.428125 0.1359375 0.1109375
1 0.63359375 0.25 0.1484375 0.1171875
1 0.63046875 0.421875 0.1421875 0.1125
3 0.41328125 0.63828125 0.15 0.1203125
3 0.7453125 0.50859375 0.1328125 0.103125
3 0.475 0.290625 0.146875 0.121875
3 0.534375 0.4890625 0.121875 0.0953125