4 0.34765625 0.48203125 0.1234375 0.0796875
4 0.615625 0.5328125 0.13125 0.08125
4 0.403125 0.43515625 0.1265625 0.0765625
4 0.56796875 0.33046875 0.1046875 0.06875
4 0.66796875 0.42578125 0.1328125 0.0765625
4 0.36953125 0.32734375 0.096875 0.0609375
4 0.3609375 0.38125 0.0984375 0.0625
4 0.51171875 0.3984375 0.1 0.0578125
4 0.41171875 0.26953125 0.1140625 0.0765625
3 0.52578125 0.51328125 0.121875 0.0765625
3 0.49609375 0.46171875 0.134375 0.0796875
1 0.1890625 0.49921875 0.14375 0.08125
1 0.25546875 0.38984375 0.1109375 0.0671875
3 0.425 0.50078125 0.121875 0.078125
3 0.46015625 0.346875 0.1109375 0.0703125
3 0.27734375 0.4390625 0.1078125 0.0625