3 0.29453125 0.509375 0.084375 0.1234375
4 0.44765625 0.36953125 0.0921875 0.1546875
3 0.35546875 0.65 0.096875 0.153125
3 0.50390625 0.44375 0.0734375 0.1296875
4 0.49140625 0.28203125 0.0859375 0.1515625
4 0.48359375 0.56953125 0.0859375 0.15
3 0.3671875 0.39375 0.0828125 0.1296875
1 0.415625 0.27734375 0.0921875 0.1546875
3 0.42734375 0.49609375 0.0671875 0.115625
1 0.5640625 0.40546875 0.0796875 0.1453125
1 0.36875 0.496875 0.0671875 0.115625
1 0.30078125 0.4015625 0.06875 0.1125
1 0.57265625 0.6859375 0.0921875 0.1671875