1 0.70390625 0.84765625 0.1296875 0.1546875
1 0.37734375 0.50234375 0.128125 0.1453125
1 0.23203125 0.70859375 0.13125 0.140625
1 0.16171875 0.45625 0.14375 0.1609375
3 0.15546875 0.32421875 0.128125 0.146875
4 0.20546875 0.284375 0.140625 0.1609375
3 0.18046875 0.2 0.14375 0.1671875
3 0.2875 0.24921875 0.1390625 0.1640625
1 0.3828125 0.42109375 0.1234375 0.140625
4 0.45625 0.5296875 0.13125 0.15
3 0.440625 0.6109375 0.1109375 0.125
3 0.52890625 0.57578125 0.128125 0.146875
1 0.603125 0.69609375 0.134375 0.15625