1 0.70625 0.07421875 0.153125 0.140625
0 0.346875 0.35546875 0.215625 0.19375
3 0.196875 0.24140625 0.2390625 0.221875
0 0.46953125 0.69140625 0.2265625 0.203125
0 0.721875 0.55546875 0.2109375 0.184375
1 0.46796875 0.1625 0.2046875 0.1828125
0 0.40078125 0.45234375 0.2140625 0.1890625
1 0.71640625 0.21796875 0.1859375 0.165625
1 0.60078125 0.13046875 0.171875 0.1578125
3 0.52109375 0.21640625 0.196875 0.175
4 0.7125 0.1421875 0.165625 0.1484375
1 0.60703125 0.2265625 0.184375 0.159375
4 0.62421875 0.49609375 0.178125 0.1546875
0 0.6375 0.30703125 0.2140625 0.1859375
0 0.8375 0.278125 0.19375 0.1640625