4 0.3546875 0.5015625 0.121875 0.090625
1 0.62109375 0.590625 0.140625 0.1015625
4 0.5078125 0.5140625 0.1296875 0.09375
4 0.721875 0.38125 0.16875 0.128125
4 0.47265625 0.19140625 0.1546875 0.1265625
4 0.63828125 0.52578125 0.15 0.1109375
1 0.2484375 0.4875 0.14375 0.1015625
4 0.40703125 0.34296875 0.1546875 0.11875
4 0.19296875 0.3296875 0.159375 0.11875
3 0.234375 0.1109375 0.1578125 0.11875
3 0.30859375 0.35625 0.1625 0.1203125
4 0.23671875 0.4125 0.14375 0.0984375
4 0.109375 0.396875 0.159375 0.109375
3 0.453125 0.559375 0.134375 0.1
3 0.734375 0.57421875 0.14375 0.096875
3 0.725 0.45546875 0.159375 0.11875