0 0.53046875 0.70078125 0.1546875 0.125
0 0.54296875 0.5046875 0.140625 0.1140625
0 0.4984375 0.6359375 0.15 0.1203125
0 0.609375 0.59609375 0.14375 0.115625
0 0.83359375 0.5390625 0.13125 0.1
2 0.43046875 0.53828125 0.134375 0.1078125
0 0.7484375 0.48046875 0.13125 0.0984375
2 0.68046875 0.4328125 0.128125 0.0984375
3 0.76171875 0.41015625 0.13125 0.1
2 0.74140625 0.5828125 0.1578125 0.125
2 0.578125 0.54375 0.140625 0.1109375
2 0.54140625 0.42265625 0.1359375 0.1078125
2 0.66875 0.4890625 0.13125 0.1015625
2 0.47265625 0.5734375 0.1375 0.1078125