4 0.56640625 0.53515625 0.1296875 0.1203125
4 0.53984375 0.47734375 0.1421875 0.13125
4 0.4625 0.625 0.1421875 0.13125
1 0.45390625 0.56640625 0.1421875 0.13125
4 0.38671875 0.40234375 0.1625 0.153125
4 0.33125 0.6875 0.1609375 0.146875
4 0.7765625 0.41640625 0.1765625 0.1609375
1 0.07734375 0.57578125 0.146875 0.134375
3 0.46328125 0.47734375 0.15 0.1390625
4 0.64140625 0.18984375 0.1578125 0.1484375
3 0.4890625 0.384375 0.140625 0.13125
3 0.3375 0.621875 0.1578125 0.1453125
4 0.6828125 0.4140625 0.1625 0.15
3 0.821875 0.3109375 0.140625 0.1265625
3 0.45859375 0.696875 0.153125 0.1421875
1 0.603125 0.27265625 0.165625 0.1515625