4 0.62734375 0.4734375 0.12109375 0.06015625
3 0.51875 0.12578125 0.1546875 0.1125
1 0.1140625 0.49140625 0.1703125 0.08359375
4 0.721875 0.33125 0.1703125 0.09375
4 0.64296875 0.28984375 0.16171875 0.10546875
4 0.72421875 0.22578125 0.1578125 0.0921875
4 0.3875 0.359375 0.12109375 0.06875
4 0.6359375 0.40703125 0.11953125 0.06171875
4 0.3984375 0.5171875 0.140625 0.08203125
4 0.4984375 0.43828125 0.1484375 0.0890625
3 0.48984375 0.5484375 0.13828125 0.08125
4 0.6703125 0.53515625 0.12734375 0.06640625
1 0.58828125 0.6 0.1375 0.0828125
3 0.70078125 0.59375 0.13125 0.071875
3 0.3640625 0.2765625 0.159375 0.0953125
3 0.8546875 0.46953125 0.14765625 0.06484375