4 0.378125 0.578125 0.1203125 0.084375
1 0.65078125 0.51328125 0.1390625 0.09375
4 0.5140625 0.5078125 0.128125 0.0875
4 0.625 0.28203125 0.165625 0.1203125
4 0.31328125 0.25234375 0.1515625 0.11875
4 0.63125 0.4484375 0.1484375 0.103125
1 0.28046875 0.62265625 0.1421875 0.09375
4 0.33828125 0.41640625 0.153125 0.1109375
4 0.14921875 0.51796875 0.15625 0.1109375
3 0.07265625 0.31015625 0.1453125 0.1109375
3 0.26171875 0.4796875 0.159375 0.1125
4 0.23046875 0.565625 0.1421875 0.090625
4 0.1140625 0.61953125 0.1578125 0.1015625
3 0.49140625 0.57578125 0.13125 0.0921875
3 0.73828125 0.4390625 0.1421875 0.0890625
3 0.6671875 0.34296875 0.1578125 0.1109375