1 0.89375 0.2375 0.2125 0.159375
1 0.8640625 0.465625 0.190625 0.1296875
1 0.4328125 0.4609375 0.1546875 0.096875
4 0.27421875 0.35234375 0.1578125 0.096875
4 0.59375 0.66875 0.1859375 0.125
1 0.2609375 0.54140625 0.1625 0.1140625
4 0.30703125 0.43125 0.15 0.0953125
1 0.5890625 0.42578125 0.1828125 0.1234375
4 0.15546875 0.64921875 0.203125 0.134375
3 0.1609375 0.55625 0.19375 0.1109375
4 0.353125 0.27890625 0.2 0.13125
3 0.43984375 0.378125 0.1671875 0.1046875
4 0.51953125 0.58515625 0.1421875 0.0921875
3 0.72265625 0.6359375 0.1859375 0.1234375
1 0.61796875 0.33515625 0.140625 0.1
3 0.64375 0.51875 0.1578125 0.1046875
4 0.30546875 0.63515625 0.184375 0.1234375
4 0.3921875 0.5375 0.1609375 0.1015625
4 0.196875 0.4546875 0.1875 0.1