4 0.47734375 0.5453125 0.134375 0.1328125
4 0.39296875 0.44921875 0.1234375 0.121875
4 0.3625 0.37890625 0.1703125 0.16875
4 0.36953125 0.58515625 0.1640625 0.1625
4 0.27421875 0.83515625 0.19375 0.1921875
4 0.3109375 0.54375 0.1640625 0.1625
4 0.265625 0.63046875 0.165625 0.1640625
3 0.44921875 0.4828125 0.1296875 0.1296875
3 0.3953125 0.28125 0.165625 0.1640625
4 0.3296875 0.678125 0.1609375 0.159375
1 0.4265625 0.6625 0.1453125 0.14375
4 0.528125 0.5875 0.14375 0.1421875
3 0.71640625 0.17890625 0.171875 0.1703125
1 0.49765625 0.36328125 0.14375 0.1421875
3 0.17578125 0.74140625 0.1546875 0.153125
3 0.48515625 0.2953125 0.146875 0.1453125