4 0.28515625 0.3625 0.15625 0.0890625
4 0.75703125 0.2203125 0.15625 0.096875
4 0.4875 0.4890625 0.13828125 0.08203125
4 0.61796875 0.51875 0.1359375 0.0765625
4 0.16015625 0.33203125 0.16015625 0.08984375
4 0.8421875 0.41171875 0.1359375 0.06484375
4 0.54140625 0.334375 0.13203125 0.084375
3 0.384375 0.51875 0.13515625 0.0765625
4 0.33515625 0.45546875 0.1453125 0.0828125
1 0.228125 0.4265625 0.15859375 0.08359375
3 0.57578125 0.11640625 0.15 0.1125
4 0.32265625 0.2921875 0.125 0.075
1 0.53984375 0.5703125 0.140625 0.08359375
3 0.77578125 0.471875 0.1453125 0.071875
3 0.68125 0.5765625 0.14765625 0.084375
3 0.4171875 0.32890625 0.13046875 0.08203125