3 0.2953125 0.484375 0.0984375 0.13125
4 0.4640625 0.3640625 0.1109375 0.1640625
3 0.33828125 0.63125 0.1140625 0.1625
3 0.51015625 0.44453125 0.0890625 0.1359375
4 0.51796875 0.2828125 0.103125 0.159375
4 0.475 0.5671875 0.103125 0.1578125
3 0.38046875 0.378125 0.096875 0.1375
1 0.44296875 0.26875 0.109375 0.1640625
3 0.428125 0.48671875 0.0796875 0.121875
1 0.575 0.4140625 0.0953125 0.1515625
1 0.3703125 0.48125 0.0796875 0.121875
1 0.3140625 0.378125 0.08125 0.11875
1 0.54921875 0.69375 0.1109375 0.1765625