1 0.23203125 0.3125 0.121875 0.209375
1 0.60703125 0.80859375 0.10859375 0.19921875
1 0.43671875 0.2375 0.11015625 0.209375
1 0.54765625 0.4265625 0.08828125 0.1671875
4 0.5515625 0.25390625 0.09609375 0.184375
4 0.4421875 0.4 0.10859375 0.1828125
3 0.3328125 0.34296875 0.121875 0.225
1 0.3109375 0.50078125 0.115625 0.18046875
3 0.2671875 0.61953125 0.09609375 0.17109375
3 0.36953125 0.59609375 0.10234375 0.20546875
3 0.22578125 0.47265625 0.12265625 0.1859375
4 0.5171875 0.65390625 0.084375 0.18359375
3 0.4578125 0.5328125 0.10078125 0.16875