1 0.4359375 0.13515625 0.07734375 0.1390625
1 0.50703125 0.5296875 0.071875 0.12890625
4 0.45625 0.25390625 0.0640625 0.12265625
4 0.60234375 0.803125 0.084375 0.15
3 0.3625 0.4171875 0.084375 0.140625
1 0.509375 0.7171875 0.075 0.146875
3 0.5484375 0.27109375 0.07421875 0.14140625
3 0.33359375 0.71953125 0.08125 0.1390625
1 0.69453125 0.8046875 0.0703125 0.128125
4 0.3453125 0.54609375 0.0796875 0.125
3 0.46796875 0.62265625 0.06015625 0.1171875
3 0.36953125 0.8609375 0.07578125 0.1453125
1 0.3203125 0.24609375 0.0734375 0.12421875