1 0.25703125 0.2203125 0.1375 0.159375
1 0.52109375 0.521875 0.128125 0.146875
4 0.3359375 0.31171875 0.11875 0.1375
4 0.74375 0.70703125 0.15 0.171875
3 0.33984375 0.5 0.1453125 0.1640625
1 0.61953125 0.68125 0.140625 0.1640625
3 0.4234375 0.27890625 0.1359375 0.159375
3 0.4703125 0.77421875 0.140625 0.1609375
1 0.8234375 0.6609375 0.1265625 0.1453125
4 0.39140625 0.61953125 0.1328125 0.1484375
3 0.5359375 0.621875 0.1125 0.13125
3 0.57421875 0.8765625 0.1390625 0.1640625
1 0.21484375 0.375 0.1265625 0.14375