4 0.34453125 0.30625 0.15625 0.115625
4 0.440625 0.19921875 0.1671875 0.1296875
1 0.56484375 0.35703125 0.1609375 0.1296875
3 0.63671875 0.28125 0.175 0.1421875
4 0.471875 0.309375 0.1609375 0.1234375
1 0.63203125 0.4375 0.1390625 0.10625
4 0.39296875 0.25546875 0.1640625 0.125
4 0.3765625 0.415625 0.1453125 0.10625
4 0.62578125 0.565625 0.178125 0.1265625
1 0.815625 0.8015625 0.153125 0.109375
4 0.16015625 0.3453125 0.1515625 0.1046875
3 0.83359375 0.521875 0.1546875 0.1078125
4 0.28203125 0.35390625 0.1359375 0.0953125
3 0.7359375 0.45625 0.1359375 0.1
3 0.4203125 0.3625 0.153125 0.1140625
3 0.20625 0.28515625 0.16875 0.125
4 0.134375 0.4078125 0.175 0.121875
1 0.2640625 0.42421875 0.1546875 0.109375
1 0.509375 0.415625 0.15625 0.11875