1 0.42578125 0.89609375 0.090625 0.1515625
1 0.40625 0.421875 0.096875 0.134375
1 0.16171875 0.48125 0.103125 0.1265625
1 0.2734375 0.2453125 0.109375 0.1484375
3 0.35546875 0.14140625 0.09375 0.1390625
4 0.41953125 0.14375 0.1015625 0.1515625
3 0.4546875 0.071875 0.103125 0.14375
3 0.50390625 0.17109375 0.0984375 0.1578125
1 0.46328125 0.36328125 0.0921875 0.13125
4 0.446875 0.49375 0.0953125 0.140625
3 0.3828125 0.5453125 0.0828125 0.115625
3 0.47265625 0.57578125 0.09375 0.1390625
1 0.44921875 0.715625 0.096875 0.1484375