4 0.55078125 0.41796875 0.1171875 0.1515625
4 0.475 0.59921875 0.11875 0.1546875
1 0.475 0.43828125 0.1359375 0.175
4 0.61171875 0.36328125 0.1375 0.175
1 0.2484375 0.409375 0.153125 0.1890625
1 0.33671875 0.47109375 0.115625 0.1453125
3 0.55703125 0.58671875 0.1453125 0.1890625
3 0.5 0.71015625 0.1171875 0.153125
1 0.39921875 0.3453125 0.1328125 0.1734375
1 0.6296875 0.6 0.14375 0.184375
3 0.3828125 0.596875 0.14375 0.1796875
3 0.2921875 0.56640625 0.128125 0.1609375
3 0.453125 0.79140625 0.1578125 0.20625