1 0.94765625 0.53203125 0.1046875 0.1421875
0 0.5765625 0.30390625 0.215625 0.196875
3 0.6265625 0.121875 0.2390625 0.225
0 0.3109375 0.54375 0.2265625 0.20625
0 0.53203125 0.7265625 0.2109375 0.1890625
1 0.80078125 0.34375 0.2046875 0.1859375
0 0.50703125 0.390625 0.2140625 0.1921875
1 0.84296875 0.5953125 0.1859375 0.16875
1 0.88046875 0.45546875 0.171875 0.159375
3 0.77109375 0.41328125 0.196875 0.178125
4 0.9109375 0.5625 0.165625 0.1515625
1 0.79296875 0.496875 0.184375 0.1625
4 0.55 0.61328125 0.178125 0.1578125
0 0.73046875 0.55546875 0.2140625 0.1890625
0 0.83203125 0.7296875 0.1921875 0.1671875