0 0.3671875 0.4515625 0.1296875 0.25625
0 0.64921875 0.43203125 0.13125 0.2421875
4 0.390625 0.29375 0.115625 0.1921875
0 0.55703125 0.36953125 0.1234375 0.2296875
4 0.68671875 0.27578125 0.11875 0.1875
4 0.70390625 0.62421875 0.125 0.25625
0 0.32734375 0.18828125 0.1125 0.2125
3 0.21640625 0.4140625 0.1453125 0.25625
4 0.4046875 0.8578125 0.1375 0.2734375
3 0.2 0.62421875 0.1734375 0.2734375
3 0.590625 0.6828125 0.128125 0.2453125
3 0.25 0.87109375 0.165625 0.2578125
3 0.48359375 0.20703125 0.109375 0.2171875
2 0.49296875 0.43046875 0.128125 0.2046875
2 0.465625 0.609375 0.1359375 0.2671875