1 0.61015625 0.0859375 0.1578125 0.171875
4 0.5890625 0.20859375 0.146875 0.190625
1 0.4125 0.1296875 0.159375 0.19375
3 0.69765625 0.278125 0.1671875 0.2109375
3 0.37734375 0.37421875 0.1875 0.228125
4 0.28515625 0.5265625 0.1765625 0.2125
3 0.1859375 0.734375 0.178125 0.2265625
3 0.40390625 0.68125 0.14375 0.1875
1 0.5078125 0.584375 0.16875 0.2109375
1 0.4109375 0.8125 0.1734375 0.2234375
4 0.48984375 0.91796875 0.1796875 0.1640625
1 0.5953125 0.94765625 0.1625 0.1046875
3 0.19375 0.86640625 0.10625 0.10625