4 0.24609375 0.52421875 0.178125 0.165625
4 0.53046875 0.12109375 0.1828125 0.171875
4 0.48359375 0.49921875 0.159375 0.15
4 0.6046875 0.4421875 0.1546875 0.14375
4 0.12890625 0.5765625 0.18125 0.16875
4 0.715625 0.21953125 0.146875 0.134375
4 0.43046875 0.34375 0.15625 0.1484375
3 0.4203125 0.5859375 0.153125 0.14375
4 0.34296875 0.56640625 0.165625 0.1546875
1 0.240625 0.609375 0.1765625 0.1640625
3 0.3234375 0.15078125 0.1875 0.18125
4 0.23203125 0.4453125 0.1453125 0.1359375
1 0.575 0.53125 0.1625 0.153125
3 0.7 0.3078125 0.159375 0.146875
3 0.68984375 0.4484375 0.16875 0.1578125
3 0.3296875 0.41640625 0.153125 0.1453125