0 0.25703125 0.70703125 0.184375 0.1078125
0 0.67265625 0.63515625 0.128125 0.0859375
0 0.5796875 0.534375 0.1359375 0.078125
0 0.36875 0.6171875 0.1703125 0.1046875
0 0.23125 0.62734375 0.16875 0.1015625
3 0.62109375 0.4484375 0.1296875 0.078125
2 0.503125 0.4515625 0.1296875 0.078125
2 0.33359375 0.39375 0.16875 0.1
0 0.3140625 0.49375 0.1765625 0.0984375
2 0.534375 0.653125 0.16875 0.109375
2 0.34609375 0.5515625 0.1734375 0.096875
2 0.47578125 0.51640625 0.1515625 0.08125
2 0.21171875 0.55 0.15 0.090625
2 0.178125 0.496875 0.15625 0.0890625