1 0.565625 0.53359375 0.12265625 0.06796875
4 0.375 0.55546875 0.13203125 0.0703125
4 0.4046875 0.621875 0.128125 0.0734375
4 0.578125 0.2234375 0.13125 0.0890625
4 0.07578125 0.2046875 0.14375 0.09453125
3 0.11875 0.4703125 0.1484375 0.075
3 0.2953125 0.59375 0.13046875 0.07421875
3 0.4765625 0.2796875 0.1171875 0.078125
1 0.73359375 0.47578125 0.1359375 0.06796875
4 0.4296875 0.509375 0.12578125 0.071875
4 0.540625 0.4703125 0.103125 0.05546875
3 0.94140625 0.53984375 0.1171875 0.0703125
4 0.88984375 0.58984375 0.14375 0.0671875
4 0.2828125 0.51953125 0.12890625 0.0734375
3 0.128125 0.37734375 0.1546875 0.08046875
4 0.8625 0.48515625 0.1484375 0.071875