4 0.609375 0.653125 0.2078125 0.2546875
3 0.6765625 0.56875 0.2015625 0.2421875
3 0.375 0.6546875 0.1796875 0.2125
1 0.40859375 0.48125 0.1921875 0.2375
3 0.30703125 0.4640625 0.1984375 0.2421875
3 0.26796875 0.63515625 0.1828125 0.2125
4 0.71953125 0.4703125 0.2046875 0.240625
1 0.7171875 0.75 0.2046875 0.24375
4 0.51015625 0.484375 0.1796875 0.221875
3 0.5609375 0.77265625 0.1609375 0.2015625
1 0.54765625 0.3546875 0.20625 0.253125
1 0.20859375 0.47109375 0.1890625 0.2328125
1 0.47890625 0.65078125 0.1609375 0.196875