1 0.4921875 0.46796875 0.1078125 0.1453125
1 0.57421875 0.38046875 0.1 0.1328125
1 0.2640625 0.52890625 0.103125 0.1296875
3 0.52421875 0.21640625 0.1015625 0.1421875
3 0.5078125 0.71796875 0.1140625 0.1640625
3 0.596875 0.1828125 0.1171875 0.1734375
3 0.55390625 0.08203125 0.0984375 0.1484375
4 0.3140625 0.8046875 0.109375 0.159375
1 0.41484375 0.64375 0.1046875 0.15625
4 0.59375 0.48046875 0.1109375 0.15
3 0.48828125 0.6140625 0.1078125 0.153125
4 0.52890625 0.31640625 0.1109375 0.153125
1 0.4671875 0.35234375 0.1140625 0.1578125