4 0.571875 0.67421875 0.16875 0.24375
3 0.65703125 0.60625 0.165625 0.23125
3 0.34296875 0.62265625 0.15 0.2
1 0.41484375 0.46171875 0.1546875 0.228125
3 0.31953125 0.421875 0.1609375 0.23125
3 0.24375 0.57890625 0.1515625 0.2015625
4 0.72109375 0.5203125 0.16875 0.2265625
1 0.65546875 0.79296875 0.1703125 0.23125
4 0.51328125 0.48671875 0.146875 0.2125
3 0.49765625 0.77890625 0.128125 0.19375
1 0.57890625 0.36875 0.1671875 0.2421875
1 0.22265625 0.40625 0.1546875 0.2234375
1 0.4453125 0.6421875 0.13125 0.1890625