3 0.26796875 0.49453125 0.08515625 0.1578125
4 0.55234375 0.43203125 0.0953125 0.16796875
1 0.54375 0.625 0.09609375 0.165625
3 0.409375 0.6625 0.0859375 0.15234375
1 0.45625 0.4109375 0.0890625 0.16015625
3 0.340625 0.51796875 0.08828125 0.15859375
4 0.40859375 0.53359375 0.08671875 0.15703125
3 0.3375 0.73671875 0.0875 0.1640625
4 0.6328125 0.415625 0.09296875 0.159375
3 0.4765625 0.56953125 0.08515625 0.1515625
1 0.290625 0.35859375 0.09453125 0.16875
1 0.3703125 0.3828125 0.09765625 0.17734375
1 0.4234375 0.3 0.09453125 0.16484375