1 0.50859375 0.46796875 0.1453125 0.146875
1 0.62109375 0.4296875 0.1328125 0.1359375
1 0.278125 0.41484375 0.1328125 0.134375
3 0.6546875 0.2609375 0.140625 0.1421875
3 0.4046875 0.69609375 0.1578125 0.1625
3 0.734375 0.265625 0.165625 0.1703125
3 0.74375 0.15625 0.140625 0.14375
4 0.19296875 0.68125 0.153125 0.15625
1 0.35703125 0.58671875 0.1484375 0.1515625
4 0.5921875 0.52734375 0.15 0.1515625
3 0.4359375 0.5953125 0.1484375 0.1515625
4 0.61171875 0.3515625 0.1515625 0.153125
1 0.53984375 0.35390625 0.1546875 0.1578125