1 0.82734375 0.159375 0.14375 0.115625
0 0.3984375 0.31484375 0.20625 0.15625
3 0.29140625 0.16015625 0.225 0.1828125
0 0.41171875 0.67265625 0.21875 0.1609375
0 0.69453125 0.62109375 0.2078125 0.14375
1 0.57421875 0.16875 0.1984375 0.14375
0 0.4203125 0.42421875 0.209375 0.1484375
1 0.79296875 0.2984375 0.1796875 0.13125
1 0.71015625 0.1796875 0.1640625 0.128125
3 0.60703125 0.23671875 0.1921875 0.1375
4 0.8125 0.22578125 0.159375 0.11875
1 0.6859375 0.2734375 0.1828125 0.121875
4 0.61953125 0.534375 0.1765625 0.11875
0 0.690625 0.359375 0.2125 0.1421875
0 0.88984375 0.39296875 0.19375 0.1234375