1 0.74921875 0.0984375 0.1515625 0.1328125
0 0.3625 0.340625 0.215625 0.1828125
3 0.22578125 0.2109375 0.2375 0.2109375
0 0.45 0.68671875 0.2265625 0.190625
0 0.71484375 0.578125 0.2125 0.1734375
1 0.503125 0.1609375 0.20625 0.171875
0 0.40625 0.4421875 0.215625 0.178125
1 0.74453125 0.2421875 0.1859375 0.15625
1 0.6390625 0.14296875 0.171875 0.1484375
3 0.55 0.2203125 0.196875 0.1640625
4 0.7484375 0.16640625 0.165625 0.140625
1 0.634375 0.2390625 0.1859375 0.1484375
4 0.6234375 0.50859375 0.1796875 0.14375
0 0.65703125 0.32265625 0.215625 0.1734375
0 0.85859375 0.31484375 0.1953125 0.1515625