1 0.31328125 0.37734375 0.18125 0.1953125
1 0.41171875 0.4515625 0.1734375 0.1875
3 0.33125 0.63046875 0.16875 0.1828125
4 0.49765625 0.40390625 0.184375 0.1984375
4 0.5546875 0.3390625 0.1765625 0.190625
4 0.46796875 0.57421875 0.16875 0.1828125
1 0.65 0.5859375 0.171875 0.1890625
3 0.5171875 0.79296875 0.178125 0.19375
3 0.528125 0.68359375 0.1671875 0.18125
3 0.403125 0.60625 0.16875 0.1828125
3 0.55 0.571875 0.16875 0.1828125
1 0.24140625 0.5109375 0.1828125 0.1984375
1 0.3265625 0.48203125 0.1859375 0.2015625