2 0.246875 0.39453125 0.2125 0.1984375
2 0.4015625 0.725 0.2234375 0.2109375
0 0.384375 0.44296875 0.19375 0.184375
2 0.265625 0.3171875 0.209375 0.19375
0 0.3109375 0.58515625 0.2078125 0.1953125
0 0.11953125 0.56171875 0.2390625 0.2359375
2 0.3546875 0.509375 0.2078125 0.1953125
0 0.178125 0.471875 0.240625 0.2265625
2 0.4765625 0.38125 0.1953125 0.1828125
2 0.5453125 0.5515625 0.1703125 0.1578125
0 0.52421875 0.6578125 0.1703125 0.15625
2 0.475 0.57578125 0.1734375 0.1640625
0 0.5015625 0.7890625 0.178125 0.165625
3 0.6203125 0.6328125 0.146875 0.1375