3 0.22578125 0.19140625 0.13125 0.165625
3 0.253125 0.2859375 0.1234375 0.1515625
1 0.3265625 0.465625 0.1375 0.165625
1 0.27734375 0.78046875 0.1296875 0.15
4 0.425 0.4578125 0.10625 0.1328125
1 0.4296875 0.56328125 0.1234375 0.15
4 0.51640625 0.59375 0.1375 0.1703125
3 0.5515625 0.7265625 0.121875 0.15625
3 0.61484375 0.67890625 0.1328125 0.16875
1 0.6078125 0.58671875 0.1328125 0.1640625
4 0.63828125 0.51640625 0.1375 0.165625
1 0.5546875 0.4421875 0.1234375 0.15
3 0.5171875 0.4953125 0.125 0.153125