1 0.484375 0.47109375 0.0765625 0.13046875
1 0.540625 0.365625 0.07265625 0.11796875
1 0.2796875 0.5890625 0.0765625 0.11328125
3 0.45 0.21953125 0.07109375 0.12890625
3 0.5640625 0.70859375 0.078125 0.1484375
3 0.51171875 0.16875 0.078125 0.159375
3 0.44375 0.08203125 0.06484375 0.1359375
4 0.39921875 0.8421875 0.075 0.14453125
1 0.4546875 0.6609375 0.0703125 0.1421875
4 0.5859375 0.45703125 0.07890625 0.134375
3 0.51796875 0.61328125 0.075 0.13828125
4 0.48046875 0.31484375 0.07734375 0.13828125
1 0.4296875 0.365625 0.0796875 0.1421875