1 0.56640625 0.53125 0.125 0.071875
4 0.37734375 0.56015625 0.134375 0.075
4 0.409375 0.625 0.13125 0.078125
4 0.56875 0.22109375 0.134375 0.09375
4 0.06953125 0.21875 0.1390625 0.1
3 0.11796875 0.48359375 0.1515625 0.0796875
3 0.2984375 0.60078125 0.1328125 0.078125
3 0.46875 0.28046875 0.1203125 0.0828125
1 0.7328125 0.46796875 0.1375 0.0734375
4 0.4296875 0.51171875 0.128125 0.0765625
4 0.53984375 0.46875 0.1046875 0.059375
3 0.940625 0.5234375 0.11875 0.075
4 0.89296875 0.5765625 0.1453125 0.071875
4 0.28359375 0.52734375 0.13125 0.078125
3 0.12421875 0.390625 0.1578125 0.0859375
4 0.86171875 0.47265625 0.1515625 0.0765625