0 0.23046875 0.67109375 0.18125 0.1015625
0 0.65234375 0.6578125 0.1265625 0.0828125
0 0.57421875 0.5453125 0.134375 0.0734375
0 0.35390625 0.59765625 0.1671875 0.0984375
0 0.21640625 0.58828125 0.165625 0.0953125
3 0.62734375 0.465625 0.128125 0.075
2 0.509375 0.453125 0.128125 0.075
2 0.35 0.371875 0.1671875 0.09375
0 0.3171875 0.46796875 0.1734375 0.09375
2 0.51328125 0.65625 0.165625 0.103125
2 0.340625 0.5296875 0.171875 0.090625
2 0.4734375 0.5125 0.1484375 0.0765625
2 0.2078125 0.509375 0.146875 0.0859375
2 0.18203125 0.45234375 0.1546875 0.084375