0 0.54609375 0.4625 0.190625 0.134375
0 0.74609375 0.46484375 0.19375 0.1375
0 0.509375 0.740625 0.1703125 0.121875
0 0.4859375 0.62734375 0.1859375 0.1265625
3 0.475 0.4015625 0.19375 0.1359375
2 0.66171875 0.55234375 0.1734375 0.1203125
2 0.4421875 0.5125 0.1859375 0.13125
0 0.29609375 0.5859375 0.1890625 0.121875
0 0.3890625 0.70546875 0.1703125 0.1140625
2 0.203125 0.5203125 0.190625 0.128125
0 0.534375 0.54921875 0.171875 0.1171875
2 0.20078125 0.65859375 0.1921875 0.128125
2 0.39375 0.45625 0.196875 0.1328125
2 0.284375 0.66953125 0.1921875 0.128125
2 0.3859375 0.60078125 0.1875 0.1234375
0 0.3890625 0.653125 0.096875 0.059375