1 0.55234375 0.9 0.0859375 0.15
1 0.3859375 0.4546875 0.0921875 0.1328125
1 0.171875 0.58671875 0.1 0.125
1 0.20625 0.32734375 0.1046875 0.146875
3 0.2515625 0.20390625 0.0890625 0.1375
4 0.31328125 0.1859375 0.0984375 0.15
3 0.32265625 0.09921875 0.0984375 0.1578125
3 0.40234375 0.18671875 0.09375 0.15625
1 0.42265625 0.38125 0.0875 0.1296875
4 0.44765625 0.51015625 0.0921875 0.1390625
3 0.40234375 0.57890625 0.0796875 0.1140625
3 0.496875 0.58125 0.0890625 0.1375
1 0.51875 0.7203125 0.0921875 0.146875