1 0.45234375 0.79296875 0.115625 0.1625
4 0.3125 0.69921875 0.134375 0.175
3 0.51640625 0.09453125 0.1046875 0.1578125
1 0.51640625 0.72421875 0.11875 0.1734375
4 0.3703125 0.7703125 0.1328125 0.1828125
1 0.42421875 0.66328125 0.096875 0.1296875
3 0.434375 0.5390625 0.1046875 0.146875
3 0.57734375 0.6953125 0.1171875 0.1703125
4 0.3046875 0.57265625 0.10625 0.146875
3 0.6015625 0.87265625 0.1265625 0.196875
3 0.6796875 0.64453125 0.1203125 0.1734375
1 0.50078125 0.44296875 0.1203125 0.1734375
1 0.3703125 0.54296875 0.1 0.1265625