1 0.20859375 0.271875 0.15 0.1546875
1 0.525 0.5171875 0.1390625 0.14375
4 0.303125 0.34609375 0.1296875 0.134375
4 0.77890625 0.65703125 0.1625 0.1671875
3 0.3421875 0.53046875 0.15625 0.1609375
1 0.65234375 0.65546875 0.1546875 0.159375
3 0.3828125 0.29765625 0.15 0.1546875
3 0.5234375 0.77421875 0.153125 0.1578125
1 0.8484375 0.59609375 0.1375 0.1421875
4 0.415625 0.6375 0.1421875 0.146875
3 0.55859375 0.6125 0.1234375 0.1265625
3 0.64453125 0.85546875 0.153125 0.159375
1 0.196875 0.43125 0.1375 0.1421875