0 0.32890625 0.609375 0.1515625 0.146875
0 0.51328125 0.54140625 0.1390625 0.134375
0 0.375 0.55390625 0.146875 0.1421875
0 0.45703125 0.6390625 0.140625 0.1359375
0 0.6 0.8203125 0.1265625 0.121875
2 0.43671875 0.45234375 0.13125 0.128125
0 0.61875 0.71953125 0.125 0.1203125
2 0.63515625 0.6375 0.1234375 0.11875
3 0.6890625 0.70234375 0.125 0.1203125
2 0.52265625 0.75390625 0.153125 0.1484375
2 0.4921875 0.58984375 0.1375 0.1328125
2 0.5875 0.50625 0.1328125 0.128125
2 0.57890625 0.65 0.1265625 0.121875
2 0.421875 0.50546875 0.134375 0.1296875