4 0.62890625 0.484375 0.1390625 0.1140625
4 0.596875 0.615625 0.1328125 0.109375
3 0.3890625 0.275 0.1875 0.1546875
3 0.64453125 0.1640625 0.2015625 0.1796875
4 0.790625 0.35703125 0.184375 0.15625
4 0.59140625 0.5421875 0.1359375 0.1109375
3 0.6 0.684375 0.14375 0.115625
4 0.6921875 0.37734375 0.196875 0.1671875
1 0.48359375 0.5875 0.1515625 0.1296875
3 0.8046875 0.63984375 0.165625 0.128125
4 0.740625 0.45234375 0.19375 0.159375
4 0.48515625 0.45234375 0.1734375 0.1453125
3 0.39296875 0.50234375 0.178125 0.146875
1 0.09140625 0.27734375 0.1015625 0.1109375
4 0.175 0.3328125 0.1859375 0.14375
4 0.2640625 0.29453125 0.1875 0.1484375