3 0.134375 0.371875 0.20625 0.1859375
1 0.64375 0.15390625 0.1671875 0.146875
0 0.5859375 0.3921875 0.1890625 0.1625
1 0.4 0.26015625 0.1796875 0.1609375
4 0.57421875 0.5734375 0.15 0.1328125
0 0.34140625 0.55 0.1921875 0.1671875
0 0.6796875 0.62265625 0.1890625 0.1671875
0 0.8109375 0.3421875 0.1859375 0.1578125
3 0.4546875 0.3125 0.175 0.1578125
1 0.53671875 0.221875 0.1625 0.1453125
4 0.6546875 0.22578125 0.178125 0.153125
1 0.54921875 0.31171875 0.16875 0.1484375
0 0.421875 0.759375 0.196875 0.175
1 0.66328125 0.29609375 0.1859375 0.159375
0 0.28515625 0.46796875 0.1921875 0.1703125