1 0.49609375 0.903125 0.06640625 0.14140625
1 0.39375 0.4390625 0.0765625 0.12265625
1 0.16328125 0.540625 0.084375 0.1140625
1 0.2328125 0.28828125 0.08671875 0.1359375
3 0.2953125 0.171875 0.07265625 0.128125
4 0.35859375 0.16328125 0.07890625 0.140625
3 0.38046875 0.078125 0.078125 0.14765625
3 0.446875 0.17578125 0.0734375 0.146875
1 0.43984375 0.371875 0.071875 0.12109375
4 0.446875 0.503125 0.07421875 0.13046875
3 0.3921875 0.56484375 0.06484375 0.10625
3 0.4859375 0.5796875 0.071875 0.12890625
1 0.4875 0.72109375 0.0734375 0.13828125