1 0.425 0.28984375 0.0984375 0.17109375
1 0.45859375 0.4078125 0.09296875 0.165625
3 0.28671875 0.503125 0.08828125 0.1625
4 0.55546875 0.421875 0.0984375 0.175
4 0.640625 0.4046875 0.09609375 0.165625
4 0.4296875 0.53984375 0.08984375 0.16171875
1 0.56796875 0.65859375 0.08671875 0.17109375
3 0.3375 0.74453125 0.09296875 0.1734375
3 0.41171875 0.66328125 0.090625 0.1578125
3 0.35859375 0.5265625 0.0875 0.16328125
3 0.496875 0.5875 0.0890625 0.1625
1 0.28671875 0.353125 0.0984375 0.1734375
1 0.371875 0.38125 0.09921875 0.178125