1 0.52734375 0.56875 0.1375 0.13125
4 0.36953125 0.46015625 0.1453125 0.1390625
4 0.3484375 0.5296875 0.1453125 0.1390625
4 0.740625 0.3421875 0.1578125 0.153125
4 0.37265625 0.040625 0.1703125 0.08125
3 0.23203125 0.22734375 0.1609375 0.1546875
3 0.284375 0.43671875 0.146875 0.1421875
3 0.6265625 0.31796875 0.1390625 0.1359375
1 0.6921875 0.63515625 0.146875 0.140625
4 0.440625 0.4609375 0.1421875 0.1375
4 0.55 0.50390625 0.1140625 0.109375
3 0.80703125 0.81953125 0.134375 0.1296875
4 0.73515625 0.8234375 0.153125 0.1453125
4 0.3234375 0.371875 0.1453125 0.140625
3 0.3 0.16328125 0.1703125 0.1625
4 0.78359375 0.7265625 0.159375 0.1515625