3 0.31171875 0.58203125 0.115625 0.140625
4 0.40390625 0.396875 0.1328125 0.171875
3 0.41875 0.69140625 0.1359375 0.171875
3 0.4828125 0.44609375 0.1078125 0.14375
4 0.4140625 0.3 0.125 0.1671875
4 0.509375 0.57109375 0.125 0.165625
3 0.3375 0.4484375 0.115625 0.1453125
1 0.34140625 0.32265625 0.1328125 0.171875
3 0.43046875 0.521875 0.096875 0.128125
1 0.52578125 0.38828125 0.1171875 0.159375
1 0.3765625 0.54453125 0.096875 0.128125
1 0.27890625 0.4796875 0.096875 0.125
1 0.634375 0.64765625 0.1359375 0.184375