0 0.540625 0.58671875 0.11875 0.078125
0 0.3609375 0.67109375 0.15625 0.0984375
0 0.64140625 0.6671875 0.1203125 0.084375
3 0.56328125 0.5109375 0.1203125 0.078125
0 0.28046875 0.5640625 0.1671875 0.096875
2 0.45625 0.5171875 0.11875 0.0734375
0 0.2734375 0.75234375 0.159375 0.103125
0 0.2328125 0.684375 0.15625 0.1015625
2 0.2828125 0.47109375 0.159375 0.084375
2 0.1484375 0.5734375 0.1578125 0.0921875
2 0.5203125 0.690625 0.1453125 0.103125
2 0.3203125 0.6140625 0.15 0.0984375
2 0.43671875 0.57578125 0.115625 0.0734375
2 0.196875 0.61953125 0.15 0.090625