3 0.36953125 0.13515625 0.2015625 0.165625
1 0.859375 0.39375 0.1640625 0.128125
0 0.6375 0.4984375 0.1875 0.140625
1 0.6234375 0.27109375 0.1765625 0.1421875
4 0.48984375 0.60390625 0.146875 0.1171875
0 0.36171875 0.4078125 0.190625 0.146875
0 0.5171875 0.71640625 0.184375 0.1484375
0 0.81796875 0.6421875 0.1859375 0.1359375
3 0.6171875 0.346875 0.1703125 0.1390625
1 0.73984375 0.35390625 0.1578125 0.128125
4 0.81015625 0.44765625 0.175 0.134375
1 0.67734375 0.41953125 0.165625 0.1296875
0 0.24921875 0.60234375 0.19375 0.1546875
1 0.7609375 0.4984375 0.184375 0.1390625
0 0.38984375 0.3125 0.1890625 0.1515625