1 0.5875 0.38515625 0.1390625 0.078125
4 0.50625 0.465625 0.125 0.0640625
4 0.5953125 0.53203125 0.12109375 0.0671875
4 0.29375 0.53671875 0.15078125 0.09296875
3 0.42109375 0.396875 0.14140625 0.0796875
3 0.34375 0.31640625 0.159375 0.1
4 0.5984375 0.30859375 0.146875 0.08046875
4 0.25390625 0.44765625 0.15859375 0.090625
4 0.2828125 0.37265625 0.1546875 0.0953125
3 0.18671875 0.5 0.1640625 0.08984375
4 0.38125 0.47265625 0.13515625 0.07421875
1 0.48203125 0.528125 0.11953125 0.06640625
3 0.62109375 0.45078125 0.11328125 0.06484375
3 0.18515625 0.33671875 0.1578125 0.0984375
4 0.15234375 0.40859375 0.159375 0.08671875
4 0.48828125 0.30390625 0.134375 0.0796875