3 0.38515625 0.23046875 0.0875 0.1421875
3 0.46484375 0.29140625 0.0734375 0.1265625
3 0.678125 0.22734375 0.1 0.1515625
4 0.55234375 0.58203125 0.08125 0.1359375
1 0.44375 0.61953125 0.084375 0.1421875
4 0.41328125 0.3984375 0.0765625 0.125
3 0.3625 0.46328125 0.0828125 0.1375
3 0.38984375 0.58203125 0.0859375 0.1453125
1 0.32890625 0.65625 0.075 0.1078125
1 0.3328125 0.56015625 0.08125 0.1203125
1 0.4328125 0.50390625 0.06875 0.1140625
1 0.48515625 0.3921875 0.0671875 0.1125
4 0.48671875 0.490625 0.0703125 0.115625