2 0.4453125 0.5359375 0.1640625 0.1375
2 0.3375 0.46640625 0.1578125 0.1328125
2 0.628125 0.53359375 0.1265625 0.1078125
2 0.509375 0.39765625 0.1625 0.134375
2 0.5703125 0.57109375 0.13125 0.1109375
0 0.44453125 0.47265625 0.171875 0.14375
2 0.5640625 0.709375 0.1703125 0.1484375
3 0.72421875 0.5890625 0.1234375 0.1046875
0 0.65 0.63828125 0.1328125 0.109375
2 0.3296875 0.403125 0.1625 0.134375
0 0.43828125 0.60234375 0.165625 0.1421875
0 0.30234375 0.61953125 0.171875 0.1484375
0 0.68046875 0.7578125 0.1515625 0.1234375
0 0.31484375 0.53984375 0.16875 0.1453125