1 0.85390625 0.1859375 0.19765625 0.1328125
1 0.85546875 0.415625 0.178125 0.10625
1 0.428125 0.4703125 0.1453125 0.07734375
4 0.25625 0.38515625 0.1484375 0.0765625
4 0.61640625 0.65390625 0.17421875 0.1015625
1 0.26875 0.57421875 0.1515625 0.09453125
4 0.29921875 0.45859375 0.13984375 0.07734375
1 0.578125 0.4140625 0.17109375 0.10078125
4 0.1796875 0.69609375 0.1890625 0.109375
3 0.171875 0.603125 0.18359375 0.08671875
4 0.3234375 0.3015625 0.18671875 0.10703125
3 0.4234375 0.3875 0.15625 0.084375
4 0.53125 0.58125 0.1328125 0.075
3 0.7390625 0.60390625 0.17421875 0.1
1 0.59375 0.3203125 0.13125 0.08203125
3 0.6453125 0.4984375 0.146875 0.084375
4 0.32578125 0.6609375 0.17265625 0.1
4 0.3984375 0.55234375 0.1515625 0.08125
4 0.19375 0.49765625 0.178125 0.07578125