2 0.2265625 0.52578125 0.2078125 0.134375
2 0.51875 0.74453125 0.2140625 0.1484375
0 0.37109375 0.5046875 0.1859375 0.1296875
2 0.2078125 0.4484375 0.2078125 0.128125
0 0.3734375 0.6640625 0.1984375 0.1375
0 0.1890625 0.73671875 0.2390625 0.1640625
2 0.37578125 0.5765625 0.2 0.1359375
0 0.20234375 0.62578125 0.2328125 0.1578125
2 0.4234375 0.40625 0.1921875 0.1234375
2 0.56484375 0.52421875 0.171875 0.103125
0 0.5953125 0.628125 0.1734375 0.1
2 0.51328125 0.57890625 0.16875 0.1125
0 0.63671875 0.75390625 0.1765625 0.109375
3 0.66875 0.5609375 0.1421875 0.0953125