2 0.5171875 0.5625 0.159375 0.1578125
2 0.41796875 0.64453125 0.153125 0.1515625
2 0.571875 0.38828125 0.121875 0.121875
2 0.40546875 0.459375 0.15625 0.1546875
2 0.5890625 0.45546875 0.128125 0.1265625
0 0.45703125 0.54375 0.165625 0.1640625
2 0.71875 0.50390625 0.1671875 0.165625
3 0.65390625 0.3140625 0.1203125 0.11875
0 0.67734375 0.4 0.128125 0.1265625
2 0.35546875 0.63203125 0.15625 0.1546875
0 0.57890625 0.590625 0.1625 0.1609375
0 0.553125 0.725 0.1671875 0.165625
0 0.80078125 0.4078125 0.1453125 0.14375
0 0.48046875 0.68828125 0.1640625 0.1640625