1 0.3453125 0.87265625 0.1140625 0.15625
1 0.42421875 0.40390625 0.1171875 0.1421875
1 0.17265625 0.41171875 0.1203125 0.1375
1 0.33125 0.20390625 0.13125 0.1578125
3 0.4328125 0.11875 0.115625 0.1453125
4 0.4953125 0.13515625 0.1265625 0.159375
3 0.546875 0.0734375 0.128125 0.146875
3 0.571875 0.1796875 0.1234375 0.1640625
1 0.4921875 0.35859375 0.1125 0.1390625
4 0.44921875 0.4828125 0.1171875 0.1484375
3 0.37578125 0.51953125 0.1 0.1234375
3 0.45703125 0.56875 0.115625 0.146875
1 0.40546875 0.7 0.1203125 0.15625