4 0.4953125 0.5546875 0.159375 0.140625
4 0.271875 0.44140625 0.1578125 0.1375
4 0.30703125 0.5453125 0.134375 0.1171875
4 0.4140625 0.5578125 0.165625 0.1453125
1 0.6625 0.4078125 0.1546875 0.140625
1 0.5359375 0.3671875 0.153125 0.1328125
4 0.471875 0.6359375 0.1625 0.1453125
4 0.60546875 0.65546875 0.1734375 0.1515625
3 0.7453125 0.684375 0.146875 0.1234375
3 0.6203125 0.73515625 0.1390625 0.121875
3 0.21640625 0.48515625 0.134375 0.1171875
3 0.58359375 0.44921875 0.146875 0.128125
1 0.303125 0.16796875 0.171875 0.1515625
4 0.390625 0.40078125 0.171875 0.15
4 0.65546875 0.54921875 0.15 0.13125
1 0.3703125 0.47578125 0.159375 0.140625
1 0.54765625 0.49921875 0.128125 0.1140625
4 0.39921875 0.290625 0.1375 0.1203125
1 0.4953125 0.28125 0.1671875 0.1484375