1 0.34609375 0.33828125 0.159375 0.196875
1 0.425 0.4328125 0.1515625 0.1890625
3 0.30625 0.58984375 0.146875 0.184375
4 0.51875 0.40625 0.1609375 0.2
4 0.58984375 0.35546875 0.1546875 0.190625
4 0.45234375 0.56484375 0.1484375 0.184375
1 0.6265625 0.6171875 0.1484375 0.1921875
3 0.45078125 0.78984375 0.15625 0.196875
3 0.4859375 0.68515625 0.146875 0.18125
3 0.38125 0.58203125 0.146875 0.184375
3 0.5328125 0.58125 0.146875 0.184375
1 0.2453125 0.45234375 0.1609375 0.1984375
1 0.334375 0.44375 0.1625 0.203125