0 0.58046875 0.5515625 0.134375 0.1234375
0 0.47265625 0.71875 0.1734375 0.159375
0 0.70859375 0.56640625 0.1375 0.1296875
3 0.559375 0.47578125 0.134375 0.125
0 0.34765625 0.6703125 0.18125 0.1640625
2 0.471875 0.5375 0.13125 0.1203125
0 0.44140625 0.834375 0.178125 0.165625
0 0.37109375 0.7984375 0.175 0.1609375
2 0.30078125 0.590625 0.16875 0.1515625
2 0.240625 0.7484375 0.171875 0.15625
2 0.61796875 0.65078125 0.1671875 0.1578125
2 0.4078125 0.6921875 0.16875 0.15625
2 0.4859375 0.59765625 0.1296875 0.11875
2 0.30625 0.7625 0.165625 0.15