3 0.40078125 0.63671875 0.096875 0.18046875
3 0.47109375 0.559375 0.07109375 0.13828125
3 0.25625 0.38046875 0.0953125 0.15078125
3 0.2765625 0.2546875 0.0921875 0.15625
1 0.25703125 0.57421875 0.1 0.17578125
4 0.28359375 0.73828125 0.1015625 0.1890625
1 0.540625 0.47421875 0.0859375 0.15234375
1 0.4671875 0.41484375 0.071875 0.12734375
1 0.56953125 0.59765625 0.09453125 0.1765625
1 0.5359375 0.7125 0.08125 0.1578125
4 0.60625 0.734375 0.0890625 0.175
4 0.46875 0.69609375 0.08984375 0.15703125
3 0.52265625 0.92265625 0.08203125 0.15