1 0.62421875 0.4265625 0.1578125 0.125
4 0.51875 0.4703125 0.140625 0.10625
4 0.5765625 0.565625 0.1375 0.1078125
4 0.2953125 0.45703125 0.175 0.1421875
3 0.465625 0.375 0.1609375 0.1265625
3 0.42421875 0.27109375 0.1859375 0.153125
4 0.66328125 0.359375 0.165625 0.1296875
4 0.29140625 0.359375 0.18125 0.14375
4 0.34609375 0.30078125 0.1796875 0.146875
3 0.209375 0.3828125 0.1859375 0.1453125
4 0.4 0.43046875 0.153125 0.11875
1 0.47265625 0.51953125 0.1359375 0.10625
3 0.63046875 0.5 0.1296875 0.103125
3 0.26953125 0.23046875 0.1828125 0.15
4 0.21171875 0.28515625 0.1796875 0.140625
4 0.5625 0.3140625 0.1546875 0.125