1 0.3171875 0.22890625 0.1890625 0.2390625
1 0.4890625 0.8265625 0.1734375 0.225
1 0.53515625 0.23203125 0.178125 0.234375
1 0.57109375 0.4484375 0.1421875 0.1875
4 0.63671875 0.2890625 0.15625 0.20625
4 0.48203125 0.3859375 0.1671875 0.209375
3 0.4 0.29375 0.19375 0.253125
1 0.3234375 0.4328125 0.171875 0.209375
3 0.23984375 0.528125 0.1515625 0.19375
3 0.34375 0.54296875 0.16875 0.228125
3 0.25390625 0.3765625 0.18125 0.2171875
4 0.4609375 0.65 0.1453125 0.2015625
3 0.44921875 0.515625 0.1546875 0.19375