1 0.39609375 0.31015625 0.1109375 0.078125
4 0.6453125 0.4109375 0.1203125 0.09375
4 0.46484375 0.49453125 0.1203125 0.0859375
1 0.37109375 0.4328125 0.1078125 0.078125
4 0.78671875 0.47109375 0.128125 0.09375
4 0.44453125 0.44140625 0.1171875 0.084375
3 0.596875 0.33359375 0.09375 0.0734375
4 0.26953125 0.5140625 0.1328125 0.09375
4 0.43515625 0.54140625 0.115625 0.08125
3 0.55625 0.57421875 0.11875 0.0890625
4 0.309375 0.48203125 0.1203125 0.0875
1 0.25078125 0.41796875 0.121875 0.08125
1 0.39296875 0.49765625 0.1109375 0.0796875
4 0.6234375 0.56171875 0.121875 0.0859375
1 0.24765625 0.36484375 0.1109375 0.0734375
3 0.246875 0.36484375 0.1125 0.071875
1 0.22734375 0.4671875 0.1203125 0.0859375
3 0.2 0.5375 0.1171875 0.075
4 0.509375 0.6046875 0.1296875 0.0921875
3 0.7671875 0.39140625 0.1265625 0.096875