4 0.59375 0.41015625 0.1328125 0.0890625
4 0.646875 0.534375 0.1265625 0.0859375
3 0.27578125 0.3875 0.178125 0.1203125
3 0.41328125 0.14453125 0.1859375 0.1484375
4 0.64609375 0.2109375 0.1734375 0.125
4 0.5984375 0.478125 0.1296875 0.0875
3 0.690625 0.5875 0.1375 0.0890625
4 0.5796875 0.28671875 0.184375 0.134375
1 0.5390625 0.5796875 0.1421875 0.1046875
3 0.82734375 0.428125 0.1609375 0.096875
4 0.66328125 0.3171875 0.184375 0.1265625
4 0.459375 0.47109375 0.1640625 0.115625
3 0.415625 0.56640625 0.16875 0.1171875
1 0.04140625 0.5671875 0.0828125 0.1
4 0.13984375 0.56171875 0.1796875 0.1078125
4 0.1875 0.478125 0.18125 0.1125