1 0.73203125 0.09140625 0.2296875 0.1828125
1 0.80859375 0.3046875 0.203125 0.1578125
1 0.42265625 0.4953125 0.1625 0.1203125
4 0.23203125 0.47109375 0.165625 0.1203125
4 0.66015625 0.6078125 0.1984375 0.153125
1 0.30546875 0.6453125 0.1734375 0.1390625
4 0.296875 0.5265625 0.1578125 0.11875
1 0.54609375 0.39296875 0.1953125 0.1515625
4 0.2609375 0.78984375 0.2140625 0.165625
3 0.2234375 0.7046875 0.2015625 0.1421875
4 0.26875 0.36953125 0.2109375 0.1625
3 0.390625 0.41875 0.175 0.13125
4 0.55625 0.56640625 0.15 0.1140625
3 0.76015625 0.5203125 0.196875 0.1515625
1 0.53046875 0.29921875 0.1515625 0.1203125
3 0.63671875 0.4515625 0.165625 0.128125
4 0.3875 0.70859375 0.1953125 0.15
4 0.42109375 0.5828125 0.1703125 0.1265625
4 0.209375 0.59765625 0.19375 0.1296875