3 0.30546875 0.565625 0.1078125 0.1359375
4 0.41328125 0.3890625 0.121875 0.16875
3 0.40234375 0.68359375 0.125 0.1671875
3 0.48828125 0.4453125 0.0984375 0.140625
4 0.43125 0.29296875 0.1140625 0.1640625
4 0.503125 0.571875 0.1140625 0.1625
3 0.34296875 0.434375 0.10625 0.1421875
1 0.3578125 0.309375 0.121875 0.16875
3 0.42890625 0.51640625 0.0890625 0.1265625
1 0.5359375 0.39140625 0.10625 0.15625
1 0.37265625 0.53359375 0.0890625 0.1265625
1 0.28125 0.46015625 0.0890625 0.121875
1 0.62109375 0.659375 0.1234375 0.18125