3 0.29140625 0.12109375 0.1234375 0.1515625
3 0.278125 0.19921875 0.125 0.1546875
4 0.29140625 0.2875 0.128125 0.15625
1 0.34296875 0.640625 0.1296875 0.15
3 0.3109375 0.384375 0.103125 0.1234375
1 0.31953125 0.71015625 0.1015625 0.1125
1 0.42265625 0.6078125 0.11875 0.140625
4 0.4890625 0.61640625 0.1171875 0.1390625
1 0.5859375 0.68359375 0.121875 0.1453125
3 0.53359375 0.71796875 0.121875 0.1453125
3 0.41171875 0.70390625 0.13125 0.1515625
1 0.44765625 0.80625 0.13125 0.1515625
4 0.55 0.80703125 0.125 0.1484375