1 0.3375 0.35703125 0.1046875 0.0625
4 0.60625 0.3671875 0.1125 0.0765625
4 0.465625 0.50703125 0.1140625 0.06875
1 0.35546875 0.48125 0.1015625 0.0625
4 0.759375 0.37421875 0.11875 0.0765625
4 0.428125 0.4640625 0.109375 0.06875
3 0.534375 0.31015625 0.0875 0.0609375
4 0.28828125 0.5921875 0.125 0.0765625
4 0.45390625 0.5609375 0.109375 0.0640625
3 0.578125 0.55078125 0.1109375 0.0734375
4 0.3140625 0.5484375 0.1140625 0.0703125
1 0.23828125 0.5078125 0.1171875 0.0640625
1 0.3984375 0.534375 0.1046875 0.0625
4 0.63671875 0.515625 0.115625 0.06875
1 0.21640625 0.459375 0.10625 0.0578125
3 0.215625 0.46015625 0.10625 0.05625
1 0.2328125 0.5625 0.1125 0.06875
3 0.23125 0.63828125 0.1109375 0.0578125
4 0.54453125 0.5953125 0.121875 0.075
3 0.71328125 0.30625 0.11875 0.0796875