3 0.27109375 0.4625 0.10625 0.16875
4 0.5609375 0.43984375 0.1171875 0.1796875
1 0.52578125 0.6296875 0.11875 0.178125
3 0.3875 0.6484375 0.10625 0.1625
1 0.46875 0.40546875 0.1109375 0.1703125
3 0.33984375 0.4953125 0.109375 0.16875
4 0.4046875 0.5203125 0.1078125 0.1671875
3 0.30625 0.71171875 0.109375 0.175
4 0.64296875 0.43515625 0.1140625 0.1703125
3 0.4671875 0.565625 0.1046875 0.1625
1 0.3125 0.33046875 0.1171875 0.1796875
1 0.3875 0.365625 0.121875 0.1890625
1 0.45234375 0.29140625 0.1171875 0.1765625