1 0.5703125 0.78828125 0.1546875 0.16875
4 0.40546875 0.75703125 0.1734375 0.1859375
3 0.35625 0.1203125 0.1453125 0.1609375
1 0.60234375 0.7 0.1625 0.178125
4 0.4859375 0.8 0.1765625 0.1921875
1 0.49375 0.68046875 0.128125 0.1359375
3 0.4546875 0.56171875 0.140625 0.153125
3 0.64765625 0.65 0.159375 0.175
4 0.3484375 0.64296875 0.1421875 0.153125
3 0.7390625 0.803125 0.178125 0.1984375
3 0.721875 0.56328125 0.1625 0.178125
1 0.478125 0.44765625 0.1625 0.178125
1 0.39765625 0.58984375 0.128125 0.1359375