4 0.553125 0.41953125 0.1140625 0.15
4 0.471875 0.5984375 0.115625 0.153125
1 0.4765625 0.4375 0.1328125 0.1734375
4 0.61640625 0.3671875 0.134375 0.1734375
1 0.2515625 0.40078125 0.1484375 0.1875
1 0.3375 0.46484375 0.1125 0.14375
3 0.55390625 0.5890625 0.140625 0.1875
3 0.49296875 0.71015625 0.1140625 0.153125
1 0.4046875 0.3421875 0.128125 0.171875
1 0.62578125 0.6046875 0.140625 0.184375
3 0.37890625 0.59296875 0.1390625 0.1796875
3 0.28984375 0.559375 0.125 0.1609375
3 0.44296875 0.78984375 0.153125 0.2046875