0 0.5515625 0.47109375 0.18125 0.10625
0 0.7484375 0.5078125 0.1828125 0.1109375
0 0.4671875 0.7390625 0.159375 0.096875
0 0.4640625 0.6234375 0.1765625 0.1
3 0.49296875 0.3984375 0.1828125 0.109375
2 0.65078125 0.5796875 0.1640625 0.096875
2 0.440625 0.50234375 0.175 0.1046875
0 0.28359375 0.54921875 0.18125 0.09375
0 0.35546875 0.6828125 0.1625 0.090625
2 0.20390625 0.46875 0.18125 0.1015625
0 0.525 0.55390625 0.1640625 0.09375
2 0.17734375 0.60390625 0.1828125 0.1
2 0.403125 0.4390625 0.1875 0.1046875
2 0.2578125 0.6296875 0.1828125 0.1
2 0.3703125 0.5796875 0.178125 0.0953125
0 0.3640625 0.63203125 0.0921875 0.04375