1 0.35078125 0.34375 0.1 0.0546875
4 0.6171875 0.3765625 0.10703125 0.06796875
4 0.46484375 0.50390625 0.109375 0.059375
1 0.3578125 0.46875 0.09765625 0.05390625
4 0.76953125 0.39765625 0.1140625 0.06640625
4 0.43125 0.4578125 0.1046875 0.059375
3 0.55078125 0.3140625 0.0828125 0.05390625
4 0.28125 0.5734375 0.11953125 0.065625
4 0.4484375 0.55703125 0.1046875 0.05546875
3 0.5734375 0.55703125 0.10625 0.0640625
4 0.3109375 0.53203125 0.10859375 0.06171875
1 0.23828125 0.48515625 0.1125 0.05390625
1 0.39609375 0.52578125 0.10078125 0.0546875
4 0.63515625 0.52734375 0.11015625 0.059375
1 0.22109375 0.43515625 0.10234375 0.04921875
3 0.2203125 0.43515625 0.103125 0.046875
1 0.228125 0.5390625 0.1078125 0.06015625
3 0.2203125 0.6140625 0.1078125 0.04921875
4 0.5359375 0.5984375 0.1171875 0.06484375
3 0.7296875 0.32578125 0.1125 0.0703125