1 0.6171875 0.415625 0.15625 0.115625
4 0.51640625 0.46875 0.1375 0.0984375
4 0.58203125 0.55859375 0.1359375 0.1
4 0.2921875 0.475 0.171875 0.1328125
3 0.4546875 0.378125 0.1578125 0.1171875
3 0.40390625 0.27890625 0.18125 0.1421875
4 0.65 0.34609375 0.1640625 0.1203125
4 0.2796875 0.378125 0.178125 0.1328125
4 0.3296875 0.31484375 0.1765625 0.1359375
3 0.20078125 0.40859375 0.1828125 0.134375
4 0.39453125 0.4390625 0.1515625 0.1109375
1 0.47421875 0.521875 0.134375 0.0984375
3 0.63046875 0.48828125 0.1265625 0.0953125
3 0.246875 0.2515625 0.1796875 0.140625
4 0.19453125 0.3109375 0.178125 0.1296875
4 0.54609375 0.309375 0.1515625 0.115625