3 0.40390625 0.2234375 0.07734375 0.1375
3 0.4796875 0.28984375 0.065625 0.12265625
3 0.696875 0.240625 0.08984375 0.1453125
4 0.546875 0.58515625 0.07265625 0.13125
1 0.43515625 0.615625 0.075 0.1375
4 0.4203125 0.39296875 0.06875 0.12109375
3 0.365625 0.45390625 0.0734375 0.13203125
3 0.384375 0.57421875 0.0765625 0.140625
1 0.31875 0.64375 0.0671875 0.10390625
1 0.32890625 0.5484375 0.07265625 0.115625
1 0.4328125 0.49921875 0.06171875 0.11015625
1 0.49296875 0.39140625 0.06015625 0.1078125
4 0.4875 0.48984375 0.0625 0.1109375