4 0.53671875 0.4109375 0.13125 0.153125
4 0.49140625 0.6015625 0.1328125 0.15625
1 0.465625 0.44296875 0.1515625 0.1765625
4 0.5890625 0.34765625 0.153125 0.1765625
1 0.2375 0.45 0.1703125 0.1921875
1 0.33359375 0.496875 0.1296875 0.146875
3 0.56953125 0.57734375 0.1625 0.190625
3 0.5328125 0.70703125 0.13125 0.1546875
1 0.37578125 0.36328125 0.1484375 0.175
1 0.64375 0.57890625 0.1609375 0.1875
3 0.39921875 0.6140625 0.159375 0.1828125
3 0.3046875 0.5984375 0.1421875 0.1640625
3 0.49921875 0.7953125 0.1765625 0.2078125