4 0.5765625 0.44140625 0.07421875 0.13359375
4 0.44140625 0.58359375 0.075 0.13671875
1 0.4984375 0.43359375 0.0875 0.153125
4 0.653125 0.4125 0.0890625 0.153125
1 0.29765625 0.325 0.1015625 0.16328125
1 0.3578125 0.4140625 0.07578125 0.1265625
3 0.521875 0.6015625 0.09140625 0.1671875
3 0.425 0.69609375 0.0734375 0.1359375
1 0.4609375 0.31953125 0.08359375 0.153125
1 0.58515625 0.63984375 0.0921875 0.1625
3 0.35546875 0.5484375 0.09375 0.15703125
3 0.28203125 0.4875 0.0828125 0.14140625
3 0.3515625 0.75546875 0.0984375 0.1828125