3 0.33203125 0.10078125 0.1140625 0.15
3 0.3109375 0.178125 0.115625 0.1546875
4 0.31484375 0.26640625 0.11875 0.15625
1 0.32890625 0.62265625 0.1203125 0.146875
3 0.32421875 0.365625 0.0953125 0.1234375
1 0.2984375 0.68984375 0.096875 0.1109375
1 0.41171875 0.5984375 0.1109375 0.1390625
4 0.47734375 0.61484375 0.109375 0.1390625
1 0.56640625 0.69140625 0.1125 0.1453125
3 0.5109375 0.7203125 0.1125 0.14375
3 0.390625 0.69296875 0.121875 0.15
1 0.41640625 0.79921875 0.121875 0.15
4 0.51796875 0.81015625 0.115625 0.146875