0 0.68359375 0.8109375 0.1953125 0.1765625
0 0.42890625 0.475 0.21875 0.2015625
0 0.290625 0.6984375 0.221875 0.203125
0 0.4328125 0.6515625 0.221875 0.2015625
0 0.65390625 0.67265625 0.1734375 0.1578125
0 0.29453125 0.5859375 0.215625 0.196875
3 0.7234375 0.61328125 0.1515625 0.140625
2 0.4484375 0.56953125 0.1984375 0.184375
2 0.2859375 0.384375 0.2265625 0.2078125
2 0.5734375 0.77109375 0.2140625 0.1953125
2 0.484375 0.36875 0.2171875 0.2
2 0.30703125 0.47890625 0.2234375 0.2046875
2 0.61484375 0.5421875 0.1921875 0.1734375
2 0.56875 0.59609375 0.184375 0.165625