3 0.49375 0.0671875 0.06875 0.134375
3 0.4453125 0.13046875 0.06796875 0.1390625
4 0.415625 0.2140625 0.07109375 0.13984375
1 0.2953125 0.55 0.07890625 0.12734375
3 0.3875 0.309375 0.05859375 0.109375
1 0.2421875 0.60078125 0.06640625 0.0921875
1 0.38125 0.55859375 0.0703125 0.121875
4 0.4359375 0.59765625 0.06796875 0.121875
1 0.48984375 0.70234375 0.06953125 0.128125
3 0.42734375 0.70859375 0.0703125 0.12734375
3 0.3265625 0.63828125 0.07890625 0.1296875
1 0.31015625 0.74609375 0.07890625 0.13046875
4 0.4 0.79453125 0.0734375 0.12890625