4 0.484375 0.55234375 0.1546875 0.153125
4 0.2890625 0.3953125 0.1515625 0.15
4 0.3015625 0.50390625 0.1296875 0.1296875
4 0.40390625 0.5390625 0.1609375 0.159375
1 0.678125 0.44375 0.153125 0.1515625
1 0.56328125 0.37734375 0.1484375 0.146875
4 0.44453125 0.62734375 0.159375 0.1578125
4 0.57109375 0.67421875 0.16875 0.1671875
3 0.7015625 0.73125 0.140625 0.1390625
3 0.56875 0.75546875 0.134375 0.1328125
3 0.22578125 0.4265625 0.1296875 0.128125
3 0.5921875 0.4671875 0.1421875 0.140625
1 0.3765625 0.134375 0.1671875 0.165625
4 0.4140625 0.3796875 0.165625 0.1640625
4 0.64140625 0.58046875 0.14375 0.1421875
1 0.378125 0.45 0.1546875 0.153125
1 0.546875 0.509375 0.125 0.1234375
4 0.4453125 0.27421875 0.1328125 0.13125
1 0.540625 0.28515625 0.1625 0.1609375