0 0.365625 0.54375 0.2578125 0.2765625
0 0.575 0.3546875 0.25 0.2671875
4 0.2875 0.4046875 0.20625 0.21875
0 0.46484375 0.36171875 0.2359375 0.253125
4 0.509375 0.20859375 0.20625 0.2171875
4 0.7375 0.47265625 0.253125 0.2734375
0 0.171875 0.36015625 0.2171875 0.2328125
3 0.2234375 0.60703125 0.26875 0.2859375
4 0.6453125 0.840625 0.2734375 0.29375
3 0.33984375 0.7828125 0.3015625 0.315625
3 0.684375 0.58828125 0.2484375 0.2671875
3 0.5328125 0.8984375 0.2875 0.203125
3 0.30703125 0.27890625 0.2171875 0.234375
2 0.45234375 0.44921875 0.225 0.2359375
2 0.540625 0.60703125 0.26875 0.2890625