1 0.6328125 0.07734375 0.2375 0.1546875
1 0.75703125 0.23984375 0.2078125 0.184375
1 0.4234375 0.51328125 0.1640625 0.1421875
4 0.2328125 0.53203125 0.1671875 0.14375
4 0.68046875 0.56875 0.2015625 0.178125
1 0.34296875 0.68515625 0.178125 0.1609375
4 0.3078125 0.57109375 0.159375 0.1390625
1 0.52109375 0.3859375 0.1984375 0.1765625
4 0.33203125 0.8359375 0.21875 0.1921875
3 0.2765625 0.76171875 0.2015625 0.1703125
4 0.2453125 0.425 0.215625 0.1890625
3 0.37578125 0.4453125 0.1765625 0.1546875
4 0.56953125 0.55234375 0.153125 0.134375
3 0.7578125 0.46171875 0.2 0.1765625
1 0.484375 0.29765625 0.1546875 0.1390625
3 0.62265625 0.421875 0.16875 0.15
4 0.4375 0.72890625 0.2 0.1765625
4 0.44140625 0.5984375 0.171875 0.15
4 0.2390625 0.66015625 0.190625 0.159375