1 0.1734375 0.5171875 0.225 0.240625
1 0.77421875 0.67734375 0.2078125 0.2234375
1 0.28828125 0.33203125 0.215625 0.2328125
1 0.4921875 0.4125 0.171875 0.1859375
4 0.3890625 0.27421875 0.1890625 0.2046875
4 0.39296875 0.45703125 0.1984375 0.2109375
3 0.271875 0.47890625 0.234375 0.2515625
1 0.3515625 0.6171875 0.2015625 0.2140625
3 0.38984375 0.7375 0.18125 0.19375
3 0.45625 0.65625 0.2078125 0.225
3 0.2671875 0.64765625 0.2109375 0.221875
4 0.60859375 0.6109375 0.1796875 0.196875
3 0.48671875 0.5515625 0.1828125 0.1953125