0 0.36328125 0.65 0.1546875 0.1296875
0 0.5234375 0.53671875 0.1421875 0.11875
0 0.39296875 0.584375 0.15 0.125
0 0.49453125 0.6453125 0.14375 0.11875
0 0.6796875 0.78359375 0.13125 0.1046875
2 0.4265625 0.4703125 0.134375 0.1125
0 0.671875 0.68125 0.13125 0.1015625
2 0.665625 0.59765625 0.128125 0.103125
3 0.734375 0.646875 0.13125 0.103125
2 0.5875 0.7390625 0.159375 0.1296875
2 0.515625 0.58828125 0.140625 0.115625
2 0.58671875 0.48359375 0.1359375 0.1125
2 0.61484375 0.62421875 0.13125 0.10625
2 0.42578125 0.525 0.1390625 0.1125