1 0.31484375 0.17890625 0.1203125 0.1578125
1 0.51640625 0.52578125 0.1109375 0.1453125
4 0.375 0.28359375 0.1015625 0.1375
4 0.7 0.75 0.13125 0.1703125
3 0.3421875 0.46953125 0.128125 0.1609375
1 0.5828125 0.70078125 0.1203125 0.1640625
3 0.4671875 0.26796875 0.11875 0.1578125
3 0.41875 0.76328125 0.1234375 0.1578125
1 0.78671875 0.71953125 0.109375 0.14375
4 0.3703125 0.59609375 0.1171875 0.1453125
3 0.51171875 0.6265625 0.096875 0.13125
3 0.50078125 0.88359375 0.1203125 0.1625
1 0.24453125 0.32265625 0.1109375 0.1421875