1 0.603125 0.08515625 0.15625 0.1703125
4 0.58359375 0.20703125 0.1453125 0.190625
1 0.40625 0.13125 0.1578125 0.19375
3 0.69375 0.275 0.1640625 0.2109375
3 0.375 0.3765625 0.184375 0.228125
4 0.2859375 0.53046875 0.1734375 0.2125
3 0.190625 0.73984375 0.1765625 0.2265625
3 0.40703125 0.6828125 0.1421875 0.1875
1 0.509375 0.584375 0.165625 0.209375
1 0.41640625 0.8140625 0.1703125 0.2234375
4 0.496875 0.91796875 0.178125 0.1640625
1 0.60390625 0.946875 0.1609375 0.10625
3 0.20078125 0.871875 0.10625 0.10625