3 0.39609375 0.10078125 0.0796875 0.1515625
3 0.37734375 0.196875 0.078125 0.134375
1 0.3609375 0.390625 0.090625 0.1453125
1 0.17421875 0.64921875 0.0890625 0.128125
4 0.45234375 0.42890625 0.065625 0.1203125
1 0.40859375 0.52421875 0.0796875 0.1328125
4 0.471875 0.59140625 0.0875 0.153125
3 0.44296875 0.72578125 0.075 0.1421875
3 0.52109375 0.71171875 0.0828125 0.153125
1 0.55625 0.6265625 0.084375 0.146875
4 0.615625 0.57734375 0.0890625 0.146875
1 0.575 0.4734375 0.0796875 0.1328125
3 0.5171875 0.50390625 0.0796875 0.1359375