0 0.3984375 0.4015625 0.215625 0.2828125
0 0.6640625 0.4984375 0.2109375 0.2703125
4 0.484375 0.2671875 0.178125 0.21875
0 0.60546875 0.40390625 0.1984375 0.25625
4 0.76171875 0.37109375 0.178125 0.215625
4 0.63515625 0.696875 0.209375 0.28125
0 0.46875 0.14453125 0.1828125 0.2359375
3 0.27578125 0.30625 0.2296875 0.2875
4 0.2671875 0.78828125 0.228125 0.3015625
3 0.175 0.49140625 0.2609375 0.315625
3 0.50859375 0.70390625 0.2078125 0.271875
3 0.12265625 0.7390625 0.2453125 0.3
3 0.6046875 0.22578125 0.18125 0.2390625
2 0.521875 0.43359375 0.19375 0.234375
2 0.42421875 0.5859375 0.225 0.2953125