3 0.46875 0.20859375 0.10625 0.1515625
3 0.52734375 0.290625 0.0921875 0.134375
3 0.75 0.29140625 0.1203125 0.1625
4 0.5265625 0.59375 0.1 0.14375
1 0.4109375 0.5984375 0.1046875 0.1515625
4 0.44609375 0.378125 0.09375 0.1328125
3 0.3796875 0.425 0.1015625 0.1453125
3 0.3703125 0.54609375 0.10625 0.1546875
1 0.29140625 0.59921875 0.0890625 0.115625
1 0.32265625 0.50859375 0.096875 0.1296875
1 0.434375 0.484375 0.084375 0.121875
1 0.5171875 0.39296875 0.0828125 0.11875
4 0.48984375 0.4875 0.0859375 0.121875