3 0.28203125 0.41953125 0.13125 0.1765625
4 0.571875 0.453125 0.1453125 0.190625
1 0.50078125 0.6328125 0.1453125 0.1875
3 0.36171875 0.62421875 0.13125 0.171875
1 0.4875 0.4015625 0.1359375 0.1796875
3 0.34375 0.46484375 0.134375 0.178125
4 0.40234375 0.50234375 0.1328125 0.1765625
3 0.26953125 0.67109375 0.1359375 0.184375
4 0.653125 0.46328125 0.1390625 0.18125
3 0.45546875 0.5578125 0.1296875 0.1703125
1 0.3484375 0.2984375 0.14375 0.190625
1 0.415625 0.346875 0.15 0.2
1 0.49296875 0.2859375 0.14375 0.1859375