1 0.43125 0.07421875 0.10625 0.1484375
4 0.4625 0.19765625 0.084375 0.1703125
1 0.26953125 0.196875 0.1 0.1671875
3 0.590625 0.2171875 0.1 0.1875
3 0.33671875 0.43515625 0.115625 0.1984375
4 0.31484375 0.61171875 0.1109375 0.184375
3 0.30859375 0.84140625 0.10625 0.2
3 0.4859375 0.7046875 0.0828125 0.16875
1 0.54140625 0.57421875 0.1015625 0.184375
1 0.54609375 0.821875 0.1 0.2
4 0.67109375 0.90859375 0.115625 0.1828125
1 0.78828125 0.91328125 0.1015625 0.171875
3 0.36953125 0.959375 0.08125 0.08125