0 0.7625 0.74765625 0.1984375 0.14375
0 0.425 0.4953125 0.21875 0.16875
0 0.35390625 0.7484375 0.2234375 0.1671875
0 0.47734375 0.6640625 0.2234375 0.1671875
0 0.69609375 0.6234375 0.175 0.1296875
0 0.32578125 0.6390625 0.2171875 0.1625
3 0.74609375 0.54765625 0.15 0.1203125
2 0.46953125 0.58125 0.1984375 0.15625
2 0.2625 0.4484375 0.228125 0.1734375
2 0.6453125 0.73984375 0.215625 0.1625
2 0.4484375 0.378125 0.2171875 0.16875
2 0.309375 0.5328125 0.225 0.1703125
2 0.621875 0.509375 0.1953125 0.1421875
2 0.5921875 0.5734375 0.1875 0.134375