3 0.38203125 0.1046875 0.075 0.1484375
3 0.3671875 0.2015625 0.07421875 0.13203125
1 0.35703125 0.3953125 0.08515625 0.14296875
1 0.1796875 0.66015625 0.08515625 0.125
4 0.45 0.43046875 0.06171875 0.11796875
1 0.409375 0.52734375 0.075 0.13046875
4 0.475 0.5921875 0.08203125 0.15
3 0.45078125 0.72734375 0.0703125 0.1390625
3 0.528125 0.7109375 0.07734375 0.15
1 0.5609375 0.62421875 0.07890625 0.14375
4 0.61796875 0.5734375 0.08359375 0.14453125
1 0.57421875 0.47109375 0.07578125 0.13046875
3 0.5171875 0.503125 0.07578125 0.13359375