0 0.62890625 0.64140625 0.221875 0.2609375
0 0.525 0.4796875 0.2171875 0.24375
4 0.59375 0.81953125 0.2234375 0.2625
0 0.365625 0.20234375 0.1734375 0.2046875
4 0.221875 0.6265625 0.225 0.2578125
0 0.31015625 0.38359375 0.1859375 0.221875
4 0.77421875 0.578125 0.2640625 0.2984375
4 0.375 0.31328125 0.203125 0.2390625
3 0.13984375 0.365625 0.2 0.2328125
3 0.44140625 0.72265625 0.2125 0.2546875
3 0.52109375 0.3265625 0.1984375 0.23125
3 0.203125 0.2625 0.16875 0.203125
2 0.42578125 0.49375 0.215625 0.2515625
2 0.33828125 0.55390625 0.1984375 0.234375
3 0.11328125 0.5203125 0.2140625 0.24375