3 0.45078125 0.66171875 0.15 0.2015625
3 0.4921875 0.565625 0.1125 0.153125
3 0.23046875 0.46640625 0.1390625 0.1734375
3 0.20859375 0.340625 0.1375 0.178125
1 0.29453125 0.64921875 0.1515625 0.1984375
4 0.37265625 0.79609375 0.1578125 0.2125
1 0.5296875 0.4625 0.13125 0.171875
1 0.44140625 0.43046875 0.109375 0.14375
1 0.59765625 0.56953125 0.146875 0.1984375
1 0.603125 0.6890625 0.128125 0.175
4 0.6765625 0.68671875 0.140625 0.19375
4 0.534375 0.6953125 0.1359375 0.178125
3 0.659375 0.8921875 0.1265625 0.16875