0 0.4875 0.690625 0.16875 0.25625
0 0.53203125 0.50390625 0.1734375 0.2328125
4 0.33515625 0.7890625 0.16875 0.2578125
0 0.6203125 0.196875 0.13125 0.2015625
4 0.215625 0.38828125 0.1734375 0.25
0 0.4515625 0.2828125 0.1375 0.2203125
4 0.634375 0.7515625 0.209375 0.2859375
4 0.54765625 0.28046875 0.1546875 0.234375
3 0.34609375 0.14765625 0.153125 0.228125
3 0.29921875 0.6125 0.1578125 0.2546875
3 0.6390625 0.39453125 0.1515625 0.228125
3 0.46484375 0.121875 0.1234375 0.203125
2 0.453125 0.4421875 0.1640625 0.246875
2 0.34921875 0.42109375 0.1484375 0.2328125
3 0.21640625 0.2359375 0.1671875 0.234375