0 0.4359375 0.8125 0.19375 0.1890625
0 0.71953125 0.50078125 0.140625 0.1390625
0 0.584375 0.478125 0.1421875 0.1390625
0 0.46875 0.67265625 0.18125 0.1765625
0 0.36640625 0.765625 0.178125 0.175
3 0.5640625 0.38515625 0.1375 0.134375
2 0.47265625 0.46015625 0.1375 0.134375
2 0.30390625 0.51875 0.178125 0.1734375
0 0.35 0.609375 0.18125 0.1765625
2 0.62109375 0.59921875 0.1828125 0.1796875
2 0.4109375 0.6359375 0.178125 0.1734375
2 0.490625 0.528125 0.153125 0.15
2 0.30390625 0.7171875 0.1578125 0.1546875
2 0.24453125 0.6953125 0.1625 0.159375