0 0.4328125 0.6921875 0.140625 0.0859375
0 0.5359375 0.52421875 0.128125 0.078125
0 0.434375 0.61953125 0.1359375 0.0828125
0 0.5515625 0.6359375 0.13125 0.078125
0 0.7765625 0.690625 0.121875 0.065625
2 0.42109375 0.5015625 0.121875 0.0734375
0 0.72890625 0.6 0.1234375 0.0625
2 0.690625 0.525 0.11875 0.0640625
3 0.7734375 0.54375 0.121875 0.0640625
2 0.67421875 0.6859375 0.1453125 0.0828125
2 0.5484375 0.57578125 0.128125 0.075
2 0.5734375 0.45078125 0.1234375 0.0734375
2 0.65390625 0.56953125 0.1203125 0.0671875
2 0.44140625 0.55234375 0.1265625 0.071875