2 0.48359375 0.56328125 0.1578125 0.1125
2 0.35703125 0.584375 0.1515625 0.109375
2 0.61796875 0.4390625 0.1203125 0.0890625
2 0.43828125 0.41796875 0.1578125 0.109375
2 0.6 0.50546875 0.1265625 0.090625
0 0.440625 0.51640625 0.165625 0.1171875
2 0.6875 0.6125 0.1625 0.1234375
3 0.7265625 0.41640625 0.11875 0.0859375
0 0.703125 0.50234375 0.1296875 0.0875
2 0.30859375 0.5421875 0.1578125 0.1078125
0 0.52265625 0.6171875 0.159375 0.1171875
0 0.43359375 0.72109375 0.1640625 0.121875
0 0.80703125 0.57109375 0.1484375 0.1
0 0.3890625 0.653125 0.1625 0.11875