0 0.55625 0.51796875 0.190625 0.184375
0 0.66328125 0.6875 0.19375 0.1875
0 0.303125 0.6390625 0.1703125 0.165625
0 0.38515625 0.5578125 0.1828125 0.1765625
3 0.56875 0.42578125 0.19375 0.1875
2 0.54453125 0.6640625 0.1734375 0.1671875
2 0.4578125 0.4578125 0.1859375 0.1796875
0 0.31640625 0.37578125 0.1828125 0.175
0 0.2671875 0.51875 0.1671875 0.1609375
2 0.32109375 0.26171875 0.1875 0.18125
0 0.47734375 0.55546875 0.1703125 0.1640625
2 0.20390625 0.33515625 0.1875 0.18125
2 0.47890625 0.3875 0.19375 0.1875
2 0.240625 0.4109375 0.1875 0.18125
2 0.353125 0.459375 0.1828125 0.175
0 0.3109375 0.490625 0.090625 0.0875