0 0.775 0.73359375 0.1984375 0.1375
0 0.425 0.49921875 0.215625 0.1609375
0 0.3671875 0.75546875 0.221875 0.159375
0 0.4859375 0.665625 0.221875 0.159375
0 0.70234375 0.61328125 0.175 0.1234375
0 0.33359375 0.64765625 0.2171875 0.1546875
3 0.7484375 0.534375 0.1484375 0.115625
2 0.47421875 0.5828125 0.1953125 0.1484375
2 0.26015625 0.4609375 0.2265625 0.165625
2 0.6578125 0.73203125 0.2140625 0.1546875
2 0.4421875 0.38125 0.215625 0.1609375
2 0.3109375 0.54296875 0.2234375 0.1625
2 0.62265625 0.503125 0.1953125 0.134375
2 0.59609375 0.56796875 0.1875 0.1265625