0 0.40390625 0.39609375 0.225 0.2828125
0 0.66328125 0.50703125 0.21875 0.271875
4 0.49609375 0.2671875 0.184375 0.2203125
0 0.61015625 0.409375 0.2078125 0.2578125
4 0.76796875 0.38515625 0.184375 0.2171875
4 0.625 0.70390625 0.21875 0.28125
0 0.4875 0.14375 0.190625 0.2375
3 0.2859375 0.29453125 0.2375 0.2890625
4 0.25234375 0.77578125 0.2375 0.3015625
3 0.1765625 0.47421875 0.2703125 0.3171875
3 0.49765625 0.70390625 0.2171875 0.271875
3 0.11796875 0.71875 0.2359375 0.303125
3 0.61875 0.23203125 0.1890625 0.240625
2 0.52578125 0.43515625 0.2015625 0.2359375
2 0.4203125 0.58203125 0.234375 0.2953125