0 0.7703125 0.73828125 0.1984375 0.1390625
0 0.425 0.49765625 0.2171875 0.1640625
0 0.3625 0.753125 0.2234375 0.1625
0 0.4828125 0.66484375 0.221875 0.1625
0 0.7 0.6171875 0.175 0.1265625
0 0.33125 0.6453125 0.2171875 0.1578125
3 0.74765625 0.5390625 0.1484375 0.1171875
2 0.47265625 0.58203125 0.196875 0.1515625
2 0.26015625 0.45625 0.2265625 0.16875
2 0.65390625 0.734375 0.215625 0.1578125
2 0.44453125 0.38046875 0.215625 0.1625
2 0.31015625 0.53984375 0.225 0.1640625
2 0.621875 0.5046875 0.1953125 0.1375
2 0.5953125 0.56953125 0.1875 0.1296875