0 0.37265625 0.79296875 0.2 0.1703125
0 0.71484375 0.54609375 0.14375 0.128125
0 0.58671875 0.49609375 0.146875 0.125
0 0.43359375 0.6625 0.1859375 0.1609375
0 0.3140625 0.73203125 0.184375 0.1578125
3 0.5859375 0.40078125 0.1421875 0.121875
2 0.48125 0.45546875 0.1421875 0.121875
2 0.30390625 0.47734375 0.1828125 0.1578125
0 0.33046875 0.57578125 0.1890625 0.159375
2 0.5984375 0.62265625 0.1875 0.1640625
2 0.384375 0.6140625 0.1859375 0.15625
2 0.48515625 0.525 0.1609375 0.134375
2 0.26328125 0.671875 0.1640625 0.140625
2 0.209375 0.63828125 0.16875 0.14375