2 0.29375 0.68125 0.2171875 0.171875
2 0.65859375 0.6875 0.2265625 0.1859375
0 0.3984375 0.5796875 0.1953125 0.1609375
2 0.23359375 0.63046875 0.2140625 0.1671875
0 0.49375 0.70703125 0.209375 0.171875
0 0.3875 0.87421875 0.2515625 0.20625
2 0.44453125 0.634375 0.209375 0.1703125
0 0.33359375 0.7765625 0.24375 0.1984375
2 0.3828125 0.46953125 0.2 0.1578125
2 0.56640625 0.48203125 0.1765625 0.134375
0 0.65234375 0.54765625 0.178125 0.13125
2 0.55703125 0.55625 0.1765625 0.1421875
0 0.76015625 0.625 0.1828125 0.140625
3 0.67265625 0.45 0.1484375 0.1203125