2 0.5 0.56484375 0.1640625 0.1390625
2 0.38359375 0.61796875 0.1578125 0.134375
2 0.59765625 0.4109375 0.1265625 0.109375
2 0.41953125 0.43671875 0.1625 0.1359375
2 0.59765625 0.4796875 0.13125 0.1125
0 0.446875 0.53125 0.171875 0.1453125
2 0.71015625 0.56015625 0.1703125 0.15
3 0.696875 0.36015625 0.1234375 0.10625
0 0.696875 0.45 0.1328125 0.1109375
2 0.32578125 0.590625 0.1625 0.1359375
0 0.55234375 0.6078125 0.165625 0.14375
0 0.49296875 0.73046875 0.171875 0.15
0 0.81484375 0.4890625 0.1515625 0.125
0 0.4328125 0.6765625 0.16875 0.146875