0 0.52421875 0.44609375 0.190625 0.184375
0 0.703125 0.35703125 0.19375 0.1875
0 0.61796875 0.71015625 0.1703125 0.165625
0 0.5453125 0.6203125 0.1828125 0.1765625
3 0.4328125 0.4234375 0.19375 0.1875
2 0.66796875 0.47265625 0.1734375 0.1671875
2 0.45390625 0.5375 0.1859375 0.1796875
0 0.35703125 0.66953125 0.1828125 0.175
0 0.49453125 0.7328125 0.1671875 0.1609375
2 0.24453125 0.653125 0.1875 0.18125
0 0.55234375 0.528125 0.1703125 0.1640625
2 0.30546875 0.77734375 0.1875 0.18125
2 0.38515625 0.509375 0.19375 0.1875
2 0.384375 0.74921875 0.1875 0.18125
2 0.44453125 0.64140625 0.1828125 0.175
0 0.47109375 0.68671875 0.090625 0.0875