0 0.47578125 0.5921875 0.134375 0.1234375
0 0.28359375 0.54140625 0.1734375 0.159375
0 0.50078125 0.71875 0.1375 0.1296875
3 0.54140625 0.54921875 0.134375 0.125
0 0.290625 0.4078125 0.18125 0.1640625
2 0.45546875 0.48515625 0.13125 0.1203125
0 0.1640625 0.54765625 0.178125 0.165625
0 0.1765625 0.46953125 0.175 0.1609375
2 0.3515625 0.33828125 0.16875 0.1515625
2 0.18359375 0.33046875 0.171875 0.15625
2 0.39296875 0.65859375 0.1671875 0.1578125
2 0.28828125 0.471875 0.16875 0.15625
2 0.40234375 0.5171875 0.1296875 0.11875
2 0.190625 0.396875 0.165625 0.15