2 0.23125 0.55390625 0.2015625 0.115625
2 0.54375 0.74140625 0.20625 0.1296875
0 0.371875 0.51796875 0.178125 0.1125
2 0.20390625 0.4796875 0.2 0.1109375
0 0.39140625 0.6765625 0.1890625 0.1203125
0 0.215625 0.76796875 0.2296875 0.14375
2 0.38515625 0.5890625 0.1921875 0.1171875
0 0.2171875 0.65625 0.2234375 0.1375
2 0.4140625 0.41484375 0.1859375 0.10625
2 0.56640625 0.51796875 0.165625 0.0875
0 0.6078125 0.61796875 0.16875 0.0828125
2 0.52109375 0.57734375 0.1625 0.096875
0 0.6625 0.73828125 0.1703125 0.09375
3 0.67421875 0.54296875 0.1359375 0.0828125