0 0.3609375 0.52421875 0.2390625 0.2828125
0 0.59453125 0.36640625 0.2328125 0.271875
4 0.30234375 0.3765625 0.19375 0.2203125
0 0.484375 0.35859375 0.2203125 0.2578125
4 0.54921875 0.2125 0.19375 0.21875
4 0.7390625 0.50625 0.234375 0.2796875
0 0.19453125 0.31640625 0.2015625 0.2375
3 0.21171875 0.5671875 0.2515625 0.2890625
4 0.5953125 0.853125 0.253125 0.29375
3 0.30234375 0.7578125 0.284375 0.31875
3 0.6703125 0.61328125 0.23125 0.271875
3 0.4703125 0.89765625 0.271875 0.2046875
3 0.33984375 0.2546875 0.2015625 0.2390625
2 0.459375 0.44296875 0.2109375 0.2375
2 0.525 0.61171875 0.25 0.2953125