0 0.4390625 0.69375 0.1375 0.08125
0 0.53671875 0.5234375 0.1265625 0.075
0 0.4390625 0.62109375 0.134375 0.078125
0 0.55625 0.634375 0.1296875 0.0734375
0 0.7828125 0.68125 0.1203125 0.0609375
2 0.42109375 0.50390625 0.1203125 0.0703125
0 0.73203125 0.59140625 0.121875 0.0578125
2 0.69140625 0.51875 0.1171875 0.0609375
3 0.775 0.53359375 0.1203125 0.0609375
2 0.68046875 0.6796875 0.14375 0.078125
2 0.5515625 0.5734375 0.1265625 0.0703125
2 0.57109375 0.4484375 0.121875 0.0703125
2 0.65625 0.5640625 0.11875 0.0640625
2 0.44375 0.5546875 0.125 0.06875