0 0.52421875 0.68984375 0.1265625 0.2421875
0 0.53203125 0.49765625 0.1375 0.215625
4 0.39375 0.81484375 0.128125 0.2421875
0 0.5609375 0.17890625 0.0984375 0.190625
4 0.19921875 0.44453125 0.134375 0.2328125
0 0.41171875 0.29609375 0.1015625 0.2078125
4 0.6796875 0.72109375 0.1640625 0.265625
4 0.5046875 0.27578125 0.1171875 0.2203125
3 0.28203125 0.18359375 0.1171875 0.2125
3 0.32421875 0.6484375 0.115625 0.240625
3 0.61640625 0.3703125 0.1140625 0.2140625
3 0.39296875 0.13515625 0.090625 0.19375
2 0.44296875 0.45234375 0.1234375 0.2328125
2 0.33671875 0.4515625 0.1109375 0.2203125
3 0.17109375 0.2953125 0.1296875 0.21875