0 0.465625 0.5890625 0.13125 0.128125
0 0.28046875 0.51875 0.171875 0.1671875
0 0.478125 0.71796875 0.1359375 0.134375
3 0.5359375 0.553125 0.1328125 0.1296875
0 0.3015625 0.38671875 0.1765625 0.171875
2 0.4578125 0.48046875 0.128125 0.125
0 0.1609375 0.5125 0.1765625 0.171875
0 0.18125 0.4359375 0.171875 0.1671875
2 0.36953125 0.3234375 0.1640625 0.159375
2 0.203125 0.2984375 0.16875 0.1625
2 0.37734375 0.646875 0.165625 0.1625
2 0.29296875 0.45 0.1671875 0.1625
2 0.4015625 0.50703125 0.1265625 0.1234375
2 0.203125 0.36484375 0.1625 0.1578125